,08:30,09:00,09:30,10:00,10:30,11:00,11:30,12:00,12:30,13:00,13:30,14:00,14:30,15:00
20070103,800,282.0,710.0,686.0,744.0,729.0,756.0,700.0,576.0,566.0,564.0,573.0,351.0,509.0
20070104,423,494.0,547.0,653.0,654.0,637.0,673.0,560.0,624.0,609.0,596.0,656.0,214.0,
20070105,92,469.0,599.0,587.0,441.0,712.0,643.0,605.0,640.0,684.0,645.0,524.0,595.0,732.0
20070108,391,570.0,461.0,579.0,671.0,599.0,622.0,656.0,585.0,630.0,607.0,671.0,203.0,
20070109,120,522.0,602.0,686.0,544.0,608.0,567.0,691.0,647.0,611.0,590.0,617.0,569.0,295.0
20070110,548,517.0,550.0,641.0,648.0,659.0,533.0,605.0,543.0,674.0,604.0,598.0,661.0,263.0
20070111,389,105.0,125.0,258.0,201.0,457.0,316.0,285.0,261.0,175.0,285.0,342.0,228.0,407.0
20070112,595,132.0,342.0,247.0,267.0,529.0,253.0,199.0,405.0,429.0,427.0,208.0,428.0,509.0
20070116,533,265.0,219.0,352.0,313.0,299.0,387.0,555.0,496.0,443.0,398.0,414.0,500.0,622.0
20070117,167,204.0,396.0,331.0,262.0,513.0,453.0,504.0,214.0,254.0,472.0,412.0,224.0,
20070118,483,132.0,210.0,275.0,476.0,303.0,471.0,423.0,545.0,361.0,278.0,517.0,415.0,
20070119,80,124.0,238.0,146.0,172.0,189.0,390.0,196.0,211.0,484.0,47.0,478.0,552.0,195.0
20070122,127,145.0,147.0,125.0,121.0,120.0,98.0,108.0,80.0,41.0,116.0,94.0,553.0,
20070123,151,138.0,101.0,119.0,109.0,96.0,104.0,171.0,132.0,113.0,597.0,,,
20070124,594,155.0,100.0,143.0,80.0,135.0,118.0,123.0,126.0,154.0,144.0,96.0,106.0,558.0
20070125,800,100.0,148.0,125.0,124.0,92.0,144.0,108.0,96.0,154.0,142.0,160.0,443.0,
20070126,753,227.0,227.0,211.0,214.0,206.0,172.0,201.0,203.0,188.0,160.0,180.0,184.0,619.0
20070129,781,200.0,205.0,161.0,141.0,154.0,178.0,153.0,144.0,205.0,200.0,206.0,192.0,466.0
20070130,605,211.0,202.0,156.0,174.0,163.0,148.0,144.0,148.0,140.0,157.0,152.0,146.0,496.0
20070131,614,176.0,174.0,182.0,143.0,151.0,167.0,124.0,132.0,150.0,186.0,148.0,145.0,537.0
20070201,0,157.0,125.0,145.0,144.0,143.0,128.0,113.0,110.0,105.0,138.0,144.0,100.0,620.0
20070202,624,168.0,112.0,127.0,96.0,121.0,120.0,138.0,110.0,186.0,142.0,142.0,127.0,585.0
20070205,800,168.0,152.0,158.0,152.0,133.0,184.0,150.0,152.0,106.0,108.0,146.0,97.0,545.0
20070206,627,144.0,132.0,139.0,154.0,144.0,137.0,132.0,105.0,144.0,124.0,153.0,128.0,580.0
20070207,687,141.0,124.0,101.0,79.0,101.0,100.0,129.0,105.0,116.0,109.0,124.0,127.0,567.0
20070208,508,112.0,88.0,116.0,96.0,96.0,66.0,108.0,88.0,60.0,92.0,104.0,82.0,372.0
20070209,505,99.0,100.0,98.0,80.0,92.0,104.0,108.0,72.0,112.0,128.0,148.0,112.0,482.0
20070212,500,139.0,112.0,121.0,112.0,104.0,114.0,154.0,112.0,104.0,133.0,112.0,107.0,416.0
20070213,518,107.0,100.0,112.0,96.0,80.0,91.0,99.0,84.0,102.0,104.0,104.0,60.0,370.0
20070214,559,148.0,104.0,117.0,88.0,64.0,82.0,104.0,64.0,76.0,72.0,65.0,164.0,451.0
20070215,586,124.0,104.0,124.0,106.0,122.0,79.0,100.0,96.0,68.0,60.0,96.0,72.0,375.0
20070216,800,112.0,66.0,152.0,72.0,87.0,64.0,87.0,84.0,84.0,102.0,617.0,,
20070220,163,271.0,94.0,104.0,588.0,208.0,64.0,498.0,330.0,239.0,343.0,380.0,3.0,
20070221,526,457.0,450.0,441.0,545.0,496.0,403.0,340.0,475.0,428.0,434.0,445.0,467.0,
20070222,410,447.0,425.0,478.0,532.0,422.0,513.0,443.0,497.0,442.0,471.0,466.0,543.0,
20070223,491,475.0,485.0,477.0,440.0,491.0,482.0,411.0,518.0,489.0,479.0,494.0,614.0,
20070226,572,504.0,625.0,523.0,489.0,487.0,521.0,478.0,480.0,448.0,523.0,570.0,608.0,
20070227,591,633.0,576.0,518.0,565.0,560.0,546.0,676.0,633.0,599.0,623.0,617.0,674.0,
20070228,623,582.0,611.0,611.0,607.0,676.0,681.0,654.0,582.0,638.0,662.0,702.0,572.0,
20070301,0,636.0,628.0,620.0,626.0,645.0,643.0,637.0,622.0,625.0,649.0,614.0,610.0,18.0
20070302,646,660.0,665.0,671.0,652.0,635.0,663.0,668.0,666.0,675.0,668.0,694.0,644.0,
20070305,662,645.0,641.0,660.0,649.0,638.0,629.0,646.0,647.0,664.0,660.0,635.0,621.0,
20070306,666,657.0,657.0,683.0,656.0,673.0,647.0,643.0,661.0,668.0,650.0,672.0,7.0,
20070307,649,626.0,645.0,647.0,647.0,706.0,643.0,650.0,655.0,637.0,651.0,651.0,644.0,
20070308,192,173.0,96.0,350.0,436.0,392.0,321.0,418.0,366.0,237.0,165.0,357.0,451.0,
20070309,96,133.0,375.0,361.0,394.0,360.0,363.0,301.0,96.0,192.0,254.0,444.0,486.0,
20070312,152,341.0,281.0,338.0,417.0,350.0,340.0,299.0,387.0,346.0,297.0,390.0,537.0,
20070313,269,431.0,351.0,367.0,318.0,96.0,333.0,192.0,96.0,110.0,192.0,126.0,426.0,
20070314,96,96.0,96.0,96.0,192.0,96.0,96.0,96.0,96.0,96.0,263.0,96.0,497.0,
20070315,96,96.0,374.0,331.0,96.0,462.0,271.0,474.0,181.0,252.0,187.0,96.0,435.0,
20070316,174,96.0,334.0,,,,,,,,,,,
20070319,88,96.0,70.0,96.0,96.0,164.0,,,,,,,,
20070320,16,96.0,96.0,197.0,96.0,96.0,95.0,116.0,,,,,,
20070321,467,274.0,232.0,234.0,201.0,369.0,96.0,285.0,191.0,333.0,,,,
20070322,96,226.0,15.0,280.0,229.0,279.0,317.0,389.0,352.0,363.0,309.0,313.0,394.0,
20070323,372,322.0,334.0,387.0,396.0,399.0,394.0,353.0,376.0,380.0,407.0,402.0,298.0,
20070326,522,96.0,126.0,96.0,461.0,,,,,,,,,
20070327,560,343.0,96.0,294.0,85.0,96.0,497.0,,,,,,,
20070328,350,355.0,96.0,199.0,303.0,,,,,,,,,
20070329,72,95.0,96.0,13.0,291.0,,,,,,,,,
20070330,402,390.0,379.0,406.0,404.0,461.0,469.0,457.0,478.0,502.0,417.0,468.0,323.0,
20070402,0,598.0,591.0,551.0,562.0,535.0,549.0,567.0,529.0,566.0,499.0,560.0,532.0,262.0
20070403,639,601.0,540.0,541.0,509.0,480.0,507.0,530.0,490.0,540.0,539.0,515.0,514.0,426.0
20070404,568,511.0,537.0,519.0,502.0,488.0,506.0,478.0,508.0,482.0,487.0,498.0,385.0,
20070405,328,520.0,527.0,518.0,532.0,577.0,432.0,446.0,528.0,502.0,526.0,550.0,511.0,424.0
20070409,586,498.0,524.0,526.0,519.0,508.0,505.0,484.0,496.0,555.0,528.0,527.0,501.0,400.0
20070410,420,542.0,512.0,532.0,528.0,508.0,508.0,526.0,503.0,486.0,536.0,519.0,514.0,357.0
20070411,777,529.0,511.0,537.0,514.0,479.0,493.0,514.0,501.0,543.0,544.0,550.0,520.0,334.0
20070412,599,214.0,246.0,261.0,125.0,327.0,237.0,289.0,184.0,253.0,306.0,,,
20070413,620,504.0,494.0,500.0,490.0,448.0,456.0,468.0,434.0,476.0,466.0,476.0,454.0,52.0
20070416,486,470.0,412.0,459.0,470.0,486.0,483.0,352.0,508.0,496.0,467.0,440.0,205.0,
20070417,478,464.0,466.0,435.0,464.0,462.0,452.0,434.0,476.0,461.0,456.0,465.0,2.0,
20070418,490,479.0,469.0,466.0,458.0,441.0,451.0,456.0,443.0,432.0,466.0,469.0,302.0,
20070419,507,477.0,463.0,456.0,470.0,478.0,456.0,440.0,441.0,472.0,456.0,465.0,610.0,
20070420,475,478.0,470.0,448.0,460.0,449.0,426.0,468.0,462.0,434.0,458.0,424.0,505.0,
20070423,488,519.0,651.0,570.0,681.0,665.0,771.0,771.0,481.0,594.0,660.0,610.0,228.0,
20070424,72,415.0,498.0,480.0,566.0,556.0,652.0,668.0,691.0,681.0,654.0,663.0,628.0,
20070425,435,475.0,530.0,633.0,586.0,701.0,721.0,738.0,477.0,625.0,623.0,642.0,302.0,
20070426,536,665.0,608.0,681.0,702.0,748.0,770.0,626.0,705.0,627.0,698.0,745.0,707.0,
20070427,561,588.0,751.0,734.0,759.0,764.0,642.0,691.0,747.0,782.0,756.0,722.0,609.0,
20070430,644,747.0,728.0,661.0,731.0,755.0,780.0,689.0,778.0,788.0,685.0,639.0,444.0,
20070501,0,552.0,613.0,698.0,662.0,729.0,726.0,619.0,655.0,711.0,642.0,734.0,747.0,645.0
20070502,543,775.0,753.0,760.0,690.0,773.0,780.0,748.0,724.0,730.0,757.0,725.0,440.0,
20070503,543,667.0,734.0,716.0,670.0,701.0,762.0,786.0,769.0,776.0,726.0,687.0,457.0,
20070504,707,776.0,780.0,787.0,780.0,636.0,734.0,786.0,675.0,787.0,772.0,748.0,553.0,
20070507,703,752.0,763.0,753.0,778.0,795.0,793.0,744.0,769.0,725.0,791.0,235.0,21.0,
20070508,587,737.0,714.0,732.0,709.0,778.0,784.0,696.0,776.0,796.0,744.0,794.0,427.0,
20070509,769,736.0,766.0,728.0,391.0,766.0,795.0,745.0,766.0,562.0,695.0,708.0,520.0,
20070510,374,249.0,324.0,344.0,254.0,388.0,472.0,381.0,509.0,391.0,407.0,335.0,579.0,
20070511,525,512.0,485.0,437.0,341.0,533.0,488.0,517.0,443.0,473.0,491.0,500.0,566.0,
20070514,500,442.0,434.0,490.0,517.0,481.0,412.0,452.0,544.0,522.0,465.0,513.0,256.0,
20070515,28,541.0,445.0,534.0,451.0,428.0,439.0,520.0,425.0,491.0,512.0,535.0,443.0,561.0
20070516,515,541.0,533.0,529.0,531.0,424.0,534.0,461.0,486.0,503.0,405.0,524.0,176.0,
20070517,561,435.0,542.0,478.0,558.0,655.0,470.0,445.0,439.0,501.0,483.0,478.0,525.0,
20070518,184,551.0,501.0,579.0,699.0,566.0,574.0,627.0,623.0,421.0,355.0,522.0,721.0,
20070521,298,537.0,520.0,563.0,546.0,502.0,604.0,540.0,567.0,495.0,543.0,514.0,350.0,562.0
20070522,800,478.0,467.0,574.0,608.0,575.0,595.0,600.0,620.0,603.0,520.0,541.0,631.0,578.0
20070523,558,576.0,628.0,621.0,637.0,614.0,578.0,535.0,495.0,362.0,366.0,341.0,590.0,
20070524,324,54.0,592.0,47.0,104.0,300.0,347.0,404.0,563.0,517.0,330.0,53.0,508.0,
20070525,571,701.0,693.0,666.0,661.0,627.0,693.0,688.0,639.0,690.0,652.0,693.0,662.0,562.0
20070529,672,688.0,688.0,646.0,641.0,690.0,675.0,650.0,661.0,680.0,696.0,665.0,641.0,601.0
20070530,435,691.0,674.0,660.0,665.0,661.0,669.0,660.0,591.0,710.0,688.0,695.0,662.0,619.0
20070531,399,442.0,421.0,429.0,432.0,381.0,413.0,397.0,413.0,427.0,419.0,421.0,434.0,371.0
20070601,336,455.0,468.0,452.0,433.0,451.0,448.0,428.0,449.0,426.0,438.0,421.0,360.0,384.0
20070604,440,455.0,411.0,382.0,428.0,428.0,431.0,443.0,435.0,459.0,452.0,400.0,360.0,
20070605,464,467.0,443.0,447.0,448.0,450.0,463.0,431.0,421.0,446.0,468.0,425.0,449.0,382.0
20070606,334,448.0,464.0,456.0,456.0,456.0,448.0,462.0,436.0,448.0,456.0,456.0,465.0,376.0
20070607,96,144.0,96.0,136.0,66.0,96.0,323.0,,,,,,,
20070608,287,121.0,144.0,144.0,144.0,144.0,144.0,144.0,144.0,142.0,144.0,144.0,144.0,272.0
20070611,310,144.0,144.0,144.0,144.0,141.0,150.0,136.0,97.0,142.0,144.0,142.0,158.0,260.0
20070612,144,144.0,144.0,144.0,142.0,144.0,144.0,144.0,144.0,144.0,144.0,144.0,307.0,
20070613,329,144.0,136.0,144.0,144.0,144.0,144.0,144.0,144.0,144.0,144.0,144.0,144.0,276.0
20070614,338,144.0,144.0,144.0,144.0,144.0,155.0,237.0,136.0,144.0,197.0,140.0,144.0,288.0
20070615,420,80.0,149.0,279.0,175.0,261.0,259.0,276.0,221.0,264.0,225.0,268.0,329.0,
20070618,408,201.0,213.0,280.0,263.0,264.0,266.0,149.0,266.0,252.0,262.0,280.0,191.0,323.0
20070619,232,247.0,178.0,272.0,130.0,280.0,268.0,265.0,268.0,259.0,188.0,236.0,265.0,331.0
20070620,324,96.0,170.0,280.0,134.0,212.0,265.0,280.0,88.0,149.0,31.0,320.0,,
20070621,46,172.0,96.0,96.0,186.0,96.0,132.0,123.0,132.0,101.0,4.0,,,
20070622,368,280.0,280.0,277.0,272.0,280.0,245.0,280.0,263.0,280.0,280.0,280.0,280.0,324.0
20070625,210,280.0,280.0,279.0,272.0,280.0,272.0,277.0,272.0,280.0,269.0,280.0,316.0,
20070626,368,289.0,234.0,216.0,280.0,292.0,292.0,5.0,292.0,292.0,280.0,257.0,277.0,343.0
20070627,401,219.0,250.0,308.0,308.0,298.0,308.0,300.0,308.0,308.0,308.0,308.0,308.0,359.0
20070628,412,308.0,308.0,300.0,304.0,308.0,300.0,300.0,292.0,308.0,308.0,308.0,308.0,367.0
20070629,583,674.0,642.0,637.0,665.0,632.0,669.0,654.0,658.0,675.0,666.0,664.0,657.0,626.0
20070702,456,475.0,468.0,468.0,466.0,477.0,474.0,457.0,476.0,478.0,474.0,474.0,476.0,432.0
20070703,377,484.0,476.0,467.0,476.0,476.0,481.0,481.0,,,,,,
20070705,368,480.0,481.0,469.0,479.0,465.0,476.0,472.0,467.0,477.0,472.0,168.0,130.0,413.0
20070706,456,484.0,484.0,480.0,476.0,460.0,484.0,434.0,473.0,436.0,476.0,467.0,476.0,422.0
20070709,456,480.0,476.0,480.0,445.0,460.0,479.0,472.0,462.0,450.0,444.0,476.0,456.0,426.0
20070710,438,476.0,480.0,476.0,472.0,476.0,476.0,480.0,477.0,476.0,476.0,476.0,476.0,440.0
20070711,439,479.0,477.0,481.0,473.0,472.0,473.0,476.0,471.0,476.0,472.0,474.0,477.0,416.0
20070712,332,156.0,165.0,160.0,166.0,162.0,168.0,156.0,160.0,156.0,165.0,168.0,168.0,360.0
20070713,328,168.0,152.0,168.0,168.0,160.0,144.0,160.0,160.0,160.0,148.0,168.0,149.0,352.0
20070716,5,164.0,163.0,168.0,124.0,158.0,160.0,167.0,168.0,84.0,160.0,165.0,320.0,
20070717,373,166.0,168.0,165.0,168.0,166.0,166.0,168.0,160.0,168.0,164.0,160.0,164.0,378.0
20070718,43,168.0,168.0,168.0,168.0,168.0,168.0,164.0,164.0,168.0,156.0,166.0,165.0,350.0
20070719,403,160.0,168.0,159.0,160.0,165.0,168.0,155.0,168.0,168.0,168.0,168.0,152.0,382.0
20070720,8,,,,,,,,,,,,,
20070723,56,147.0,262.0,83.0,258.0,,,,,,,,,
20070724,234,,,,,,,,,,,,,
20070725,338,,,,,,,,,,,,,
20070726,293,,,,,,,,,,,,,
20070727,703,692.0,697.0,693.0,691.0,694.0,690.0,690.0,700.0,707.0,705.0,695.0,542.0,
20070730,706,705.0,701.0,689.0,684.0,679.0,690.0,676.0,681.0,686.0,669.0,660.0,603.0,
20070731,689,689.0,675.0,681.0,662.0,679.0,670.0,673.0,681.0,688.0,693.0,689.0,576.0,
20070801,0,709.0,692.0,706.0,696.0,693.0,703.0,671.0,693.0,693.0,681.0,696.0,703.0,575.0
20070802,690,696.0,690.0,685.0,677.0,658.0,683.0,671.0,676.0,687.0,690.0,696.0,541.0,
20070803,697,678.0,679.0,687.0,680.0,673.0,659.0,663.0,664.0,679.0,678.0,688.0,671.0,
20070806,700,676.0,673.0,683.0,673.0,667.0,680.0,662.0,663.0,665.0,672.0,666.0,521.0,
20070807,674,651.0,626.0,657.0,651.0,576.0,630.0,617.0,666.0,689.0,693.0,689.0,427.0,
20070808,685,659.0,666.0,654.0,645.0,657.0,637.0,663.0,669.0,663.0,682.0,687.0,668.0,
20070809,295,,,,,,,,,,,,,
20070810,168,168.0,168.0,168.0,168.0,168.0,168.0,168.0,168.0,168.0,168.0,168.0,358.0,
20070813,224,224.0,224.0,224.0,224.0,223.0,203.0,224.0,224.0,210.0,224.0,224.0,436.0,
20070814,224,224.0,224.0,224.0,224.0,224.0,224.0,218.0,224.0,224.0,224.0,224.0,436.0,
20070815,224,224.0,224.0,224.0,224.0,224.0,224.0,224.0,224.0,224.0,224.0,224.0,478.0,
20070816,167,224.0,224.0,224.0,224.0,224.0,224.0,224.0,224.0,224.0,224.0,224.0,224.0,475.0
20070817,228,447.0,568.0,503.0,440.0,532.0,373.0,478.0,550.0,395.0,554.0,,,
20070820,243,335.0,257.0,87.0,226.0,182.0,351.0,293.0,268.0,200.0,168.0,176.0,,
20070821,133,253.0,390.0,78.0,511.0,235.0,482.0,393.0,474.0,545.0,441.0,398.0,178.0,
20070822,527,570.0,614.0,572.0,588.0,421.0,543.0,538.0,503.0,553.0,535.0,515.0,79.0,
20070823,522,575.0,619.0,592.0,516.0,626.0,618.0,602.0,606.0,658.0,630.0,629.0,83.0,
20070824,679,275.0,504.0,358.0,359.0,426.0,513.0,411.0,559.0,540.0,325.0,293.0,688.0,
20070827,232,428.0,474.0,575.0,563.0,582.0,560.0,557.0,524.0,448.0,324.0,329.0,591.0,
20070828,290,313.0,354.0,310.0,436.0,506.0,575.0,556.0,226.0,330.0,331.0,290.0,649.0,
20070829,253,307.0,232.0,362.0,399.0,488.0,402.0,424.0,342.0,514.0,335.0,421.0,638.0,
20070830,274,260.0,304.0,513.0,477.0,255.0,464.0,518.0,475.0,385.0,296.0,338.0,558.0,
20070831,702,685.0,685.0,685.0,690.0,678.0,673.0,668.0,681.0,688.0,682.0,678.0,673.0,
20070904,0,747.0,699.0,669.0,654.0,674.0,671.0,677.0,648.0,689.0,696.0,678.0,677.0,594.0
20070905,697,676.0,693.0,687.0,709.0,674.0,692.0,689.0,693.0,695.0,688.0,685.0,710.0,
20070906,692,682.0,749.0,696.0,746.0,678.0,685.0,686.0,666.0,693.0,685.0,674.0,389.0,
20070907,363,688.0,683.0,664.0,668.0,692.0,692.0,681.0,686.0,698.0,690.0,694.0,686.0,727.0
20070910,699,682.0,683.0,674.0,667.0,660.0,677.0,665.0,678.0,672.0,676.0,699.0,198.0,
20070911,702,677.0,681.0,684.0,684.0,682.0,675.0,676.0,664.0,696.0,682.0,692.0,471.0,
20070912,689,688.0,690.0,657.0,656.0,671.0,682.0,667.0,665.0,674.0,682.0,685.0,684.0,
20070913,160,160.0,160.0,160.0,160.0,160.0,160.0,160.0,160.0,160.0,160.0,160.0,371.0,
20070914,160,160.0,160.0,160.0,160.0,160.0,160.0,160.0,160.0,160.0,160.0,160.0,166.0,
20070917,160,160.0,160.0,160.0,160.0,160.0,160.0,160.0,160.0,160.0,160.0,160.0,461.0,
20070918,160,160.0,160.0,160.0,160.0,160.0,157.0,187.0,160.0,160.0,160.0,160.0,357.0,
20070919,156,160.0,160.0,160.0,160.0,160.0,160.0,160.0,160.0,160.0,160.0,160.0,273.0,
20070920,120,120.0,120.0,120.0,120.0,120.0,118.0,120.0,120.0,120.0,120.0,120.0,263.0,
20070921,470,391.0,460.0,448.0,524.0,498.0,552.0,498.0,475.0,504.0,426.0,493.0,495.0,
20070924,264,256.0,256.0,256.0,256.0,256.0,245.0,276.0,276.0,272.0,276.0,272.0,4.0,
20070925,443,446.0,439.0,428.0,430.0,420.0,426.0,436.0,433.0,414.0,439.0,433.0,699.0,
20070926,484,478.0,474.0,457.0,571.0,499.0,504.0,504.0,484.0,466.0,464.0,484.0,565.0,
20070927,491,481.0,486.0,471.0,541.0,554.0,558.0,577.0,458.0,482.0,460.0,515.0,631.0,
20070928,88,243.0,433.0,36.0,419.0,272.0,53.0,538.0,,,,,,
20071001,0,96.0,104.0,201.0,104.0,243.0,178.0,104.0,88.0,103.0,563.0,,,
20071002,677,104.0,281.0,235.0,236.0,340.0,536.0,96.0,345.0,297.0,210.0,262.0,730.0,
20071003,137,197.0,176.0,329.0,373.0,348.0,601.0,248.0,350.0,305.0,342.0,528.0,561.0,
20071004,18,96.0,300.0,250.0,536.0,593.0,556.0,312.0,534.0,530.0,210.0,406.0,640.0,
20071005,11,222.0,388.0,490.0,489.0,343.0,104.0,102.0,103.0,97.0,605.0,,,
20071008,326,415.0,621.0,627.0,443.0,575.0,575.0,607.0,395.0,462.0,620.0,677.0,,
20071009,349,133.0,311.0,463.0,614.0,543.0,594.0,629.0,196.0,458.0,538.0,680.0,,
20071010,312,443.0,438.0,359.0,496.0,424.0,541.0,218.0,596.0,420.0,325.0,549.0,346.0,
20071011,231,232.0,308.0,208.0,224.0,224.0,337.0,363.0,232.0,561.0,,,,
20071012,232,231.0,228.0,208.0,230.0,229.0,230.0,229.0,231.0,224.0,228.0,232.0,394.0,
20071015,230,232.0,232.0,231.0,521.0,232.0,230.0,307.0,295.0,224.0,232.0,224.0,593.0,
20071016,37,232.0,232.0,232.0,230.0,229.0,232.0,232.0,224.0,224.0,224.0,224.0,223.0,592.0
20071017,224,216.0,232.0,232.0,396.0,232.0,232.0,224.0,232.0,232.0,232.0,232.0,511.0,
20071018,232,230.0,260.0,224.0,230.0,204.0,296.0,222.0,229.0,232.0,232.0,224.0,527.0,
20071019,1,237.0,134.0,188.0,134.0,158.0,389.0,616.0,,,,,,
20071022,261,200.0,112.0,271.0,362.0,149.0,199.0,436.0,87.0,565.0,,,,
20071023,370,273.0,436.0,623.0,577.0,593.0,503.0,493.0,442.0,337.0,513.0,,,
20071024,316,112.0,29.0,236.0,208.0,687.0,437.0,229.0,628.0,,,,,
20071025,297,407.0,311.0,600.0,,,,,,,,,,
20071026,344,465.0,387.0,579.0,623.0,633.0,631.0,571.0,605.0,500.0,619.0,,,
20071029,171,442.0,577.0,538.0,544.0,481.0,622.0,527.0,,,,,,
20071030,298,541.0,542.0,467.0,532.0,530.0,490.0,576.0,571.0,523.0,506.0,536.0,450.0,
20071031,7,628.0,562.0,583.0,553.0,594.0,616.0,519.0,547.0,481.0,501.0,385.0,550.0,667.0
20071101,0,585.0,548.0,353.0,306.0,411.0,448.0,482.0,418.0,142.0,356.0,576.0,,
20071102,111,85.0,191.0,143.0,589.0,,,,,,,,,
20071105,71,195.0,305.0,260.0,233.0,292.0,133.0,16.0,567.0,,,,,
20071106,69,90.0,303.0,282.0,344.0,6.0,122.0,238.0,566.0,,,,,
20071107,498,,,,,,,,,,,,,
20071108,266,,,,,,,,,,,,,
20071109,232,231.0,232.0,232.0,232.0,220.0,210.0,210.0,232.0,231.0,228.0,219.0,400.0,
20071112,23,209.0,222.0,213.0,232.0,263.0,194.0,238.0,211.0,235.0,229.0,229.0,227.0,332.0
20071113,8,200.0,189.0,391.0,345.0,407.0,218.0,208.0,317.0,449.0,286.0,225.0,351.0,87.0
20071114,220,227.0,216.0,444.0,117.0,190.0,192.0,156.0,222.0,198.0,207.0,213.0,341.0,
20071115,223,213.0,186.0,207.0,214.0,221.0,158.0,210.0,227.0,229.0,210.0,229.0,347.0,
20071116,202,244.0,235.0,319.0,216.0,412.0,,,,,,,,
20071119,115,372.0,99.0,197.0,452.0,,,,,,,,,
20071120,47,154.0,172.0,278.0,24.0,555.0,,,,,,,,
20071121,70,96.0,80.0,475.0,,,,,,,,,,
20071123,61,558.0,627.0,608.0,624.0,606.0,628.0,405.0,,,,,,
20071126,500,575.0,485.0,482.0,452.0,541.0,611.0,556.0,453.0,479.0,242.0,88.0,587.0,
20071127,631,549.0,252.0,352.0,272.0,595.0,,,,,,,,
20071128,114,317.0,484.0,499.0,563.0,592.0,616.0,567.0,607.0,617.0,618.0,627.0,566.0,
20071129,320,582.0,663.0,619.0,658.0,623.0,475.0,602.0,592.0,582.0,623.0,638.0,577.0,
20071130,214,180.0,141.0,232.0,145.0,500.0,,,,,,,,
20071203,0,206.0,184.0,309.0,537.0,270.0,334.0,48.0,257.0,183.0,264.0,240.0,501.0,
20071204,498,47.0,213.0,282.0,281.0,399.0,460.0,410.0,411.0,329.0,282.0,179.0,491.0,
20071205,166,296.0,362.0,339.0,443.0,536.0,306.0,270.0,550.0,145.0,183.0,391.0,474.0,
20071206,396,419.0,304.0,387.0,498.0,467.0,303.0,386.0,392.0,304.0,434.0,371.0,543.0,
20071207,53,206.0,105.0,437.0,515.0,572.0,308.0,410.0,398.0,220.0,561.0,,,
20071210,12,177.0,471.0,417.0,526.0,537.0,568.0,552.0,616.0,444.0,424.0,283.0,310.0,542.0
20071211,252,185.0,194.0,374.0,403.0,531.0,456.0,492.0,75.0,503.0,,,,
20071212,335,108.0,93.0,188.0,147.0,95.0,117.0,258.0,578.0,,,,,
20071213,228,225.0,226.0,230.0,170.0,373.0,,,,,,,,
20071214,228,226.0,226.0,224.0,226.0,226.0,225.0,226.0,225.0,228.0,228.0,228.0,386.0,
20071217,228,228.0,225.0,227.0,225.0,206.0,225.0,226.0,228.0,228.0,228.0,228.0,436.0,
20071218,389,224.0,228.0,228.0,227.0,228.0,226.0,227.0,225.0,225.0,225.0,218.0,220.0,353.0
20071219,2,212.0,221.0,212.0,219.0,225.0,217.0,219.0,212.0,212.0,225.0,217.0,219.0,356.0
20071220,215,217.0,212.0,224.0,224.0,217.0,211.0,209.0,210.0,210.0,210.0,210.0,401.0,
20071221,174,549.0,445.0,465.0,425.0,453.0,491.0,510.0,494.0,251.0,448.0,375.0,542.0,
20071224,586,366.0,191.0,435.0,52.0,458.0,477.0,387.0,,,,,,
20071226,207,428.0,450.0,214.0,463.0,504.0,302.0,424.0,142.0,157.0,388.0,350.0,553.0,
20071227,54,278.0,393.0,327.0,443.0,96.0,259.0,268.0,96.0,192.0,187.0,152.0,506.0,
20071228,402,265.0,344.0,96.0,96.0,214.0,221.0,143.0,281.0,309.0,166.0,445.0,,
20071231,95,118.0,96.0,168.0,6.0,167.0,64.0,102.0,64.0,46.0,32.0,484.0,,
