,08:30,09:00,09:30,10:00,10:30,11:00,11:30,12:00,12:30,13:00,13:30,14:00,14:30,15:00
20070103,0.03187906046842673,-0.05800257078811586,-0.04128563635412771,-0.03455348735420186,-0.040356803541283834,-0.034968267997411866,-0.038966951733912944,-0.03842741660956957,-0.04749472053231872,-0.04201552997195346,-0.038457312319419755,-0.04709098756691729,-0.0328630058610546,-0.03147113411115136
20070104,-0.05421034946259897,-0.04621182111408652,-0.045648609101632,-0.035936932448614976,-0.04088222251307173,-0.02754048001081929,-0.030557442067949254,-0.04098185270231122,-0.0369687270291452,-0.03896563537655698,-0.037578772174301125,-0.042770267576886505,-0.02506405796294204,
20070105,,-0.04418244402528409,-0.03804973620145593,-0.04273022576582433,-0.04676346895656329,-0.03589821788329091,-0.030659713405178937,-0.03776866599037694,-0.04288995262323034,-0.04002995992759773,-0.03945814927662374,-0.0409843306433089,-0.03689397247213914,-0.04284533102435221
20070108,-0.04892291904543615,-0.0375579453819391,-0.0298373717815475,-0.030702810287972636,-0.02782470310526512,-0.03498510429871172,-0.03478877299771098,-0.026593806591212542,-0.031201584509603853,-0.028978298148378365,-0.03305129752011015,-0.032584964052153165,-0.021401506728613774,
20070109,0.058078919181441604,-0.03194282053546425,-0.028956131424751414,-0.03518782416580045,-0.031505701309630804,-0.03776255162267297,-0.03585107872034435,-0.03210356211595423,-0.028439750593867517,-0.02762770341811845,-0.03130231607731632,-0.023836541400645974,-0.030601195498015345,-0.02733477695953955
20070110,-0.0797092164243251,-0.04140798242490407,-0.04604295149931687,-0.038146575092424514,-0.03671992465602516,-0.038010775672904736,-0.038983824577823435,-0.03461929241174296,-0.03603001296849136,-0.03860693696021846,-0.04150396074232676,-0.0405295123440328,-0.039050847064591554,-0.026525766139653947
20070111,-0.03154054382729347,-0.06165891433355307,-0.05074894156243699,-0.046799623259440044,-0.04241155962049812,-0.04511870754813902,-0.04135557435638071,-0.03878134469815019,-0.05269318579910854,-0.052065195864972075,-0.05081359221046617,-0.039888164084097275,-0.05145408944772443,-0.027722716886165708
20070112,-0.050974850069829276,-0.061464174521040735,-0.04853095568843484,-0.04851144898582071,-0.050218549077620696,-0.047879624232003856,-0.036854833883656964,-0.046610588286023366,-0.04825845744964012,-0.04405173087210405,-0.04380979577514818,-0.0478741018332099,-0.04726596330137393,-0.037209470596718246
20070116,-0.03974885351540737,-0.04648892116367658,-0.04540386000401419,-0.04694469224758385,-0.04663130818808811,-0.047006457958182306,-0.04231641371485368,-0.04597456502398996,-0.042320966575612906,-0.04412711275996222,-0.04751241376624639,-0.04524120173418218,-0.04510374920398134,-0.038014199032848764
20070117,-0.0516558478256211,-0.05652449207259751,-0.04489707972905878,-0.049406310202659204,-0.04945935664412111,-0.05028889222005485,-0.046114360354045335,-0.04789095674045839,-0.06648867145342283,-0.048296871544487814,-0.04169907744665786,-0.04773971338332736,-0.033375320620572274,
20070118,-0.02162992534583374,-0.05867314778102761,-0.04845308127482601,-0.049377544706448624,-0.04780658125795519,-0.056578305625101404,-0.04727027135007898,-0.04423440474962879,-0.04940876604161074,-0.04928830920433271,-0.0468233865506716,-0.04501382283521075,-0.04440822325883223,
20070119,-0.04711765434340101,-0.06195659096950701,-0.06392338546174735,-0.07151433204972533,-0.05258933654612055,-0.048413420837401674,-0.04540035691066832,-0.05772115287070045,-0.05034826233896289,-0.04584478323225477,,-0.04621157234714414,-0.05180985240183876,-0.03284428520639628
20070122,-0.0607233178064493,-0.06252012403030409,-0.06660051755315032,-0.06804175383827471,-0.06212575893792496,-0.06071057440031914,-0.06179023824848647,-0.06248668397566194,-0.06228144292641744,-0.05963357935325601,-0.06194959869592186,-0.06115968546773386,-0.04111203002026707,
20070123,-0.06338004628937424,-0.06388973874981307,-0.06095828348910395,-0.06087425675419559,-0.05984759685225609,-0.060272059920973814,-0.060907035094441835,-0.08151084620187356,-0.06272929161275326,-0.06250706011789439,-0.043136422928331176,,,
20070124,-0.020991355627356403,-0.06459610619681459,-0.062045656108110636,-0.06336556211817261,-0.06135863922142992,-0.06389229679443524,-0.06345753493209548,-0.06313572125265313,-0.059503182330469834,-0.06246243907285912,-0.062277343393758164,-0.056384656863588456,-0.05793173277394187,-0.03825457102852309
20070125,-0.05295348482184736,-0.06049131141045173,-0.062096498122693286,-0.062432055329305486,-0.06224401283345377,-0.06063794908309893,-0.06219054780947982,-0.062104039220693956,-0.0619724024847089,-0.06682041065438911,-0.0652215265121782,-0.06708218773101984,-0.05024942644678916,
20070126,-0.02701436252662461,-0.05684700352892503,-0.05836343151776632,-0.05733112215229297,-0.05286295537963799,-0.05077496492002446,-0.0480752435388843,-0.05161331774395276,-0.05219850699464593,-0.049667217329913166,-0.05099824566689119,-0.05052343942179638,-0.05733951160810421,-0.03905776673573844
20070129,-0.0442133550483249,-0.052762973038244544,-0.05493407291923812,-0.05082901069028971,-0.04382987411677079,-0.047766661100604124,-0.05112123075871043,-0.048562869189120825,-0.049472278320854116,-0.05479386669158498,-0.04982127328970851,-0.054873552950848184,-0.04738836910635201,-0.040533818543447675
20070130,-0.010313776252787921,-0.05523204954543538,-0.057091341369152455,-0.04704139332256888,-0.05012338241909226,-0.05311821029572585,-0.050460130925818136,-0.047850185288061495,-0.04708312242579117,-0.04800756716418679,-0.05486050546237165,-0.049392771746801144,-0.05280573180103839,-0.04228515280141528
20070131,-0.052168177035217235,-0.05668242406449794,-0.05481466479029613,-0.05459766007601223,-0.05444710152032035,-0.03270777463260571,-0.047274917843587644,-0.050878964791468036,-0.04318503487917644,-0.05377152666035126,-0.06099412952541419,-0.0585320226734365,-0.04798285271172055,-0.0494806106870167
20070201,,-0.05631848201135799,-0.0553839066970223,-0.051815423004817576,-0.05084198587225515,-0.04953755982851717,-0.0437376635037119,-0.04904681894191309,-0.04942382366094069,-0.043653027477198514,-0.05097182036559332,-0.053847789696830094,-0.04798036562991917,-0.04250636770891501
20070202,-0.022314496341112374,-0.05253249259591117,-0.042700104578179854,-0.05074315209115572,-0.04961930161054862,-0.0471952165792252,-0.048945339403453705,-0.050198297980018215,-0.047587238043391634,-0.061753618971771534,-0.051793658670509675,-0.04528719653600257,-0.042897578272122365,-0.04368055213314588
20070205,-0.05699777405981381,-0.05096581827062522,-0.04878210038044321,-0.05033959793417415,-0.04880853570335791,-0.04737281134113347,-0.04982592914913832,-0.04840273997296338,-0.04776914996272427,-0.03995686433557711,-0.04085736634778647,-0.05219409637521185,-0.04453237938954459,-0.046156589409828835
20070206,-0.0063058924805821665,-0.04952906514691731,-0.04895506240079415,-0.049506235859853885,-0.04907035019235191,-0.04733517492142209,-0.045857348501404625,-0.0446365270451339,-0.04435736920792705,-0.04498982383931223,-0.04506585200201181,-0.05464533997351457,-0.050119680116237214,-0.0422416578779918
20070207,-0.0037728812507877804,-0.05060803404807107,-0.045575069483358564,-0.05198654430076352,-0.04287511870975544,-0.04775801789009637,-0.04661102615474661,-0.049354323370763425,-0.043400014198066654,-0.045774777093911895,-0.04962384669554885,-0.04882467326942031,-0.047134083135267936,-0.04323637970363003
20070208,-0.04886803315471722,-0.05883518613041584,-0.05661022618354021,-0.058684585255186744,-0.05959433066534888,-0.059503072715118815,-0.054348369613444796,-0.058658352291203086,-0.05335068933419661,-0.05204661109970402,-0.05709105761723788,-0.05781129568523434,-0.05491162445190784,-0.047795778297904164
20070209,-0.028478304201902036,-0.05809515011844854,-0.05898024799611926,-0.05805694071588187,-0.058564719185306764,-0.056926936240211584,-0.057596154320569484,-0.05627352145680458,-0.0562628075727351,-0.05953123651438422,-0.058873170194541684,-0.06238725418945708,-0.05997509675307867,-0.04690745763739078
20070212,-0.02904418352395624,-0.06010541472201083,-0.05963210217081007,-0.05733856083455237,-0.060792444268154514,-0.05470717596629248,-0.057473222379043114,-0.06110820746513075,-0.05879874573511986,-0.061230069800946675,-0.06130004856075634,-0.060962163029131114,-0.05894979277465906,-0.04504946712414145
20070213,-0.014670708534342013,-0.060569449734533314,-0.05993587118757911,-0.058854253729229145,-0.058180152905354124,-0.05795769011623985,-0.055814808461182135,-0.0571944420887367,-0.05257429434219495,-0.058600373636357325,-0.05943929288085296,-0.059337747974647956,-0.05414727218133733,-0.04726093350298891
20070214,-0.017454193883190347,-0.058061458214291095,-0.057407604201045494,-0.056834229690016905,-0.056713042256319485,-0.04877841522502037,-0.05537280730376138,-0.056103913320240326,-0.05181499915192778,-0.05179637107876527,-0.051753725553813336,-0.05294273574770554,-0.07106560397346409,-0.03649761251244534
20070215,-0.05175842702226815,-0.056236053261612524,-0.05589069382108347,-0.057144601064015,-0.05637491573482724,-0.056672682800742245,-0.052376237839739596,-0.05322040882409833,-0.05197276974131881,-0.0553656170313537,-0.05448627323607114,-0.05580746412409999,-0.05467292817289689,-0.0415928683151182
20070216,-0.07160778063650579,-0.05160479863346282,-0.05352413404295272,-0.07233819393962715,-0.05231233833380773,-0.053383177738960216,-0.054715053791316984,-0.05241533422260259,-0.05507975710428019,-0.058432301534999787,-0.056658798005758564,-0.04433868179326672,,
20070220,-0.06528487667049662,-0.03797562539445529,-0.05635433097210495,-0.055207988728284536,-0.038952043849157306,-0.0392341655722534,-0.05345665309681846,-0.044962998732822786,-0.03953026025428004,-0.03718926671064278,-0.03340770092164617,-0.045230646721926136,,
20070221,-0.03965434733544324,-0.0372437113032314,-0.03807528824981174,-0.040493157555394996,-0.04393803987864299,-0.03925013841427625,-0.037992087549240765,-0.04031482040350278,-0.03662292230881719,-0.038754322743397525,-0.038289016406035714,-0.03816698023100125,-0.03615243029434301,
20070222,-0.03947548389468865,-0.03504292773042709,-0.03712594987752869,-0.03584067735617491,-0.0427195036990057,-0.03456663212460592,-0.04238576160985937,-0.03313678424565932,-0.0317576685020219,-0.03667584408757921,-0.03660591807682084,-0.03344330663656183,-0.030887020747868067,
20070223,-0.03705578578796658,-0.03902914111221313,-0.038651346811511125,-0.03998318333357235,-0.03816978712002709,-0.03888467768737928,-0.03558394565521472,-0.03880224465248422,-0.03764739599641149,-0.03501555984395464,-0.03937369326072158,-0.037117605377994745,-0.030640087869669715,
20070226,-0.03707935847355572,-0.03550379312717747,-0.029784565987890182,-0.03629094584477424,-0.033614966942893794,-0.036518900491681064,-0.03407771961478477,-0.03306594411305684,-0.03445519948841832,-0.033816793845570334,-0.032772708905524375,-0.03457343964882772,-0.030797982293418447,
20070227,-0.03304409145725821,-0.039980086227036075,-0.03561780244678512,-0.03402417312294555,-0.03537959330119707,-0.034811320875549875,-0.03434192706279994,-0.03661181055345619,-0.03851208699760526,-0.03697603507292644,-0.02918552379508082,-0.039231914196950844,-0.04458241255380198,
20070228,-0.036898745961296164,-0.03184483561315185,-0.04002722484967507,-0.035825067622918684,-0.03897247546682007,-0.04014653674073263,-0.04007765847463518,-0.031586238947112,-0.0402117418088737,-0.04032764042231921,-0.03710376965673582,-0.040081040399365754,-0.032199918294631716,
20070301,,-0.03952596991659723,-0.03642917470835199,-0.04192228479331885,-0.03897349538414364,-0.04567312062947029,-0.034445903387761184,-0.03500823874818374,-0.034011828056738705,-0.03605181154354751,-0.04206979821998016,-0.041968722738271784,-0.03776304404142506,-0.05017273724408141
20070302,-0.03723361956726372,-0.03451742938097055,-0.036236715644619534,-0.03381796978075998,-0.037934223803639734,-0.03428526872807433,-0.03444361472781377,-0.03788720068903268,-0.03648036528850805,-0.037246075147610906,-0.035755723779368496,-0.03633907145376783,-0.03177817446830555,
20070305,-0.035352410944685206,-0.03958355508325853,-0.03807883897122318,-0.039785703687274514,-0.03965757113933891,-0.033510857356379264,-0.0386595126890106,-0.03381286699697466,-0.036627113083836885,-0.03764924379399964,-0.03782077217239933,-0.03321474443753261,-0.0250384270056468,
20070306,-0.03758364350202169,-0.03836701376044106,-0.037418586466727674,-0.037564624719776875,-0.0340562406996648,-0.037784661957565864,-0.03319605930750569,-0.02749980442378641,-0.03409169513915913,-0.0382048349247148,-0.03553357646992779,-0.030257088118360715,-0.01332329073569441,
20070307,-0.036238572702496384,-0.03477187629638248,-0.03751671170461755,-0.03689699471860566,-0.0352178167506234,-0.043159065080434954,-0.0321245110386457,-0.036628579766558554,-0.036631399557299896,-0.03469630469585189,-0.035632538233265953,-0.035850241659398346,-0.024368024611437385,
20070308,-0.0389222240394288,-0.03689742418682538,-0.04458137992538697,-0.04116463655063717,-0.039365873171791584,-0.04379791277670752,-0.041226385731413046,-0.04445744865194169,-0.04722460108580646,-0.04321108072850265,-0.03693358235153997,-0.042345756984773116,-0.04054046025912032,
20070309,-0.04544814902437071,-0.03898887861672898,-0.045178199198575186,-0.044793203807628176,-0.04640898714522517,-0.04113555001810361,-0.04112860392138694,-0.04379343697257935,-0.044074701153768464,-0.03730471976423846,-0.04389603981897899,-0.041924608923146846,-0.03134049770287024,
20070312,-0.03565493902406384,-0.042628566793767995,-0.042007400993575104,-0.04020948460020988,-0.039625001192315344,-0.03896658207562511,-0.038461668807130624,-0.039072489066501466,-0.04151466813975723,-0.045003357352236775,-0.04208875507759654,-0.04348965892053742,-0.027596799291415126,
20070313,-0.03823592628073081,-0.03973487035045568,-0.03870200537577065,-0.03993612667103588,-0.03965252872781549,-0.03578034287771866,-0.041503129866757506,-0.03377603276910032,-0.03524462032749018,-0.030944951038019742,-0.03340897969598002,-0.03207233792756697,-0.03080669424928847,
20070314,-0.03492517444063963,-0.03696626631336856,-0.03557828533367079,-0.03851129357769336,-0.03158393755848621,-0.03160940168067858,-0.0337240217065626,-0.03577826114583374,-0.03455796750000782,-0.03594737255040109,-0.04127849858739705,-0.03803752866833121,-0.02892116010497405,
20070315,-0.037928014081015524,-0.03836611630718577,-0.038738040009204305,-0.039520585747256816,-0.03941252862690919,-0.04686855433069903,-0.03530343162190535,-0.043409263669870336,-0.035292042275831964,-0.04168076840202409,-0.03510672349064681,-0.04008847825296408,-0.03268603605174259,
20070316,-0.03465071643509266,-0.03995640082951996,-0.03289783649554339,,,,,,,,,,,
20070319,-0.039854588136091836,-0.039855242527553174,-0.03585943292537695,-0.03786357249582317,-0.04003051248167912,-0.026258884074054602,,,,,,,,
20070320,-0.02637571500446647,-0.041005279811033454,-0.042016980605713475,-0.035804836429435084,-0.04207496875856047,-0.0428104990940869,-0.04142013465331992,-0.03582931399902681,,,,,,
20070321,-0.039843075049035864,-0.03962621589884901,-0.03855938981735539,-0.04015876048050003,-0.037536549867371254,-0.04136424134982503,-0.04478703516775404,-0.03786322502396955,-0.04237934660222585,-0.035783899196218986,,,,
20070322,-0.05247451677705147,-0.045099846923183536,-0.035647205851063415,-0.04635925166316333,-0.043258884802072316,-0.04560538951678741,-0.04447210304394986,-0.04109112007100634,-0.04737223134348255,-0.04714388870350519,-0.04333908613708559,-0.04402737077206436,-0.03325606777323795,
20070323,-0.04742656508188943,-0.04445293502257734,-0.04582613309752592,-0.0425077170742403,-0.04364195713733188,-0.04180115411986224,-0.04313097871332475,-0.042603369176990216,-0.0427071451437788,-0.04252180374195784,-0.0435606207019775,-0.042978765308113426,-0.029523856315668395,
20070326,-0.029339964779074915,-0.0509994443375271,-0.0398091952241622,-0.04979235144210669,-0.02955769594655697,,,,,,,,,
20070327,-0.05155422129467662,-0.04171364633650091,-0.045957145836990114,-0.04238477505354996,-0.049774311965534154,-0.04883531852906468,-0.0330537292781434,,,,,,,
20070328,-0.0420979381821603,-0.043632813209677206,-0.04276360966848321,-0.038707180327884734,-0.03368218164152524,,,,,,,,,
20070329,-0.0032957928977621147,-0.045670603482223834,-0.04482849804583122,-0.03335312366068946,-0.034054355692657245,,,,,,,,,
20070330,-0.041552058875560405,-0.04280804800973575,-0.03909246827151805,-0.04390635667076458,-0.04116198001013938,-0.03839832907600954,-0.04098092557351869,-0.03912585620724495,-0.041883285669251605,-0.03762749711186919,-0.04153944899252265,-0.041849700547017005,-0.03279841537952124,
20070402,,-0.04402515788807362,-0.04218890639782155,-0.04114583920957779,-0.04203332343752145,-0.04162245839146076,-0.04180665042709486,-0.04264870282653434,-0.04308560155168265,-0.04356367210553594,-0.04125164010939125,-0.041511764959994174,-0.03983807612009417,-0.03955757538818922
20070403,0.01242491548834086,-0.045400936314056894,-0.04575716297857797,-0.04504176271543498,-0.045608253336582076,-0.044984387329282206,-0.04667971026558891,-0.04614211564385375,-0.04545438596533354,-0.047845986573663485,-0.04659600773457951,-0.04589574129261213,-0.046818810581296395,-0.03523653677998961
20070404,-0.045275906169051035,-0.04466595426691307,-0.0443215793941335,-0.04422942769008075,-0.04349037266960304,-0.04470486200866548,-0.04397248671326769,-0.04404923072332734,-0.04377180668628227,-0.04378912457245548,-0.04561197660644488,-0.0449942941288171,-0.034681236487194074,
20070405,-0.0378545668988557,-0.04330396525322877,-0.04386263664161273,-0.042001887031667434,-0.04510236839882402,-0.04081971705819956,-0.043471170885645415,-0.04155883921922573,-0.04333150426304305,-0.04369128697400222,-0.04344841132212735,-0.04844848161016328,-0.04410905034329147,-0.0360830629235151
20070409,-0.015549117085979874,-0.043793504242608035,-0.04256430015252606,-0.04237924472088859,-0.04218807976721943,-0.04291227959544667,-0.04310014126617409,-0.04092309739158836,-0.04250702607480453,-0.041713548077578905,-0.04141920048792746,-0.04028430396554226,-0.0424859113190728,-0.02729700396724821
20070410,-0.05026767429070501,-0.04077401394299747,-0.04183222324677423,-0.04216802555359982,-0.04303046035904689,-0.0423813834747493,-0.04397025545035765,-0.04339354393366585,-0.042402975859520936,-0.04230198700028996,-0.04239457927389588,-0.04061654115520921,-0.041780375646581186,-0.029174195701211086
20070411,-0.02405063772206716,-0.04224823485667237,-0.04252247733263327,-0.04316394219302609,-0.04403525011273336,-0.042666045299595466,-0.04551042783556775,-0.04509557723586625,-0.04502863907296642,-0.04433386845494226,-0.043951081490936746,-0.0446971734132003,-0.043304108601663796,-0.03386490081287469
20070412,-0.042696798679221555,-0.04415651652614017,-0.0448294505619897,-0.0459643541395404,-0.05800385068183156,-0.04568351521461035,-0.04741939614865554,-0.046412847083773696,-0.04562493016067217,-0.0456095080125067,-0.036511260914218795,,,
20070413,-0.034527420931766445,-0.04438704331004695,-0.04663252310355073,-0.04668855307459154,-0.046269342150932063,-0.045404667028323346,-0.045184549276731795,-0.04793503157456685,-0.04396439291145145,-0.04513711514644129,-0.04461167396156764,-0.046466640895902425,-0.04647866687198101,-0.05314578006743676
20070416,-0.04334800148084489,-0.04324874086943209,-0.043713098229394336,-0.04348313538538368,-0.04304099893009151,-0.04524095953031549,-0.04397337169131508,-0.041743240902157364,-0.04695680636696711,-0.04678219207569649,-0.04323573795515102,-0.04355489260730509,-0.04025833235850522,
20070417,-0.04397518168420472,-0.044690992014423586,-0.04359011375491462,-0.0441059256797411,-0.04240996266182493,-0.0424919434035327,-0.04320106295550584,-0.04425259368679149,-0.04542337302260263,-0.04266472272227898,-0.043211221773265245,-0.04341961049636408,,
20070418,-0.04576276936680641,-0.04498553634142716,-0.04511950964204389,-0.04489045087340996,-0.045358129069410884,-0.04569999408396437,-0.046686793854413385,-0.04443420225555116,-0.043930595815408854,-0.0450865849774695,-0.043472312460403645,-0.044580819184161194,-0.03882062243465202,
20070419,-0.04349168354991323,-0.047214039077020625,-0.046137064261736305,-0.045743577191660785,-0.04488808603108087,-0.044889541580425005,-0.043628766176205896,-0.04501860531251564,-0.04310245683625079,-0.04579465869359704,-0.04332954426441663,-0.04367939091130855,-0.03850171525370138,
20070420,-0.04477057898225084,-0.047903382962632496,-0.04435994661637794,-0.0440219860029335,-0.043937379110300816,-0.0439098841904098,-0.04757788547378397,-0.04326383720638976,-0.04410040907275491,-0.0433289968642677,-0.04314985972205271,-0.04414970675152857,-0.036042411279586586,
20070423,-0.04240298971557693,-0.03893932633230422,-0.033428409850723255,-0.036867646510910984,-0.03335617737888375,-0.035835523916722976,-0.03719576567829983,-0.04047554471184282,-0.042591046708117634,-0.0403142353176115,-0.03833621171274475,-0.03686305204644245,-0.029592549354557893,
20070424,-0.05403264831424409,-0.043962238130629765,-0.042551865807718914,-0.04032581295965022,-0.03783541156944395,-0.04098327991626336,-0.035420162440020865,-0.037703225190317304,-0.03770077485251458,-0.0397377341467932,-0.03578745241725097,-0.037552885995522325,-0.034173912367076634,
20070425,-0.04681349748562909,-0.03849541854660687,-0.039788333809238144,-0.03737751874950952,-0.03699235681705164,-0.038707273690657164,-0.038102964032185764,-0.04177181688152658,-0.043693947150552186,-0.0367537289425028,-0.03760161296714293,-0.03692709241214189,-0.033851272016056914,
20070426,-0.04198937143028672,-0.038847042349838025,-0.03797019708635657,-0.037615003026673074,-0.03806351509604304,-0.03821187203025879,-0.03699870367070606,-0.04059786258346608,-0.035999508133701515,-0.03847429190696436,-0.03402821026464111,-0.03342517090521062,-0.03546482208957888,
20070427,-0.04557930216376479,-0.04231347764631826,-0.036880267262127585,-0.038977372954201804,-0.03761772761632815,-0.038031027731008624,-0.02852351132135384,-0.03757708711628723,-0.036762254716765044,-0.035244025017799,-0.030105666332774523,-0.032152393672659416,-0.03037326048462786,
20070430,-0.03865803664525767,-0.035697897999100704,-0.036614870579865774,-0.02512832978634243,-0.03378702061060144,-0.038950619248559505,-0.03773782630918259,-0.031592992857650846,-0.038296994449767245,-0.03929617359921502,-0.03937879058139176,-0.03238238782786585,-0.028417912266021934,
20070501,,-0.043750005393082374,-0.04303135733005485,-0.03813568173832083,-0.03851246182682216,-0.03988958098069292,-0.03904282782802734,-0.03945745908056688,-0.03724469701434328,-0.03996402430924679,-0.03545980502306817,-0.037097264923933615,-0.039760798808032155,-0.03302820160859438
20070502,-0.04626174131015231,-0.03741636766641051,-0.03652352282873648,-0.03671380387694271,-0.03845846214836815,-0.03495768847394641,-0.034913309658926715,-0.0356999164145498,-0.03610619427597863,-0.03470474051355022,-0.038846654458111196,-0.03268626480306061,-0.030476109298138526,
20070503,-0.04295776247934944,-0.038072251407734334,-0.032776314123617395,-0.03664717587305886,-0.03646655294123216,-0.03786190755544586,-0.037031937942912374,-0.03636694369063823,-0.03379766480677191,-0.03478678495540509,-0.03654205572096624,-0.036503730446331435,-0.024441546367930896,
20070504,-0.03844452522015596,-0.03812571625442558,-0.03574561422566949,-0.0348938145092444,-0.03803586421838288,-0.03927796629626129,-0.03500949447149562,-0.03716267044980765,-0.03344975328959197,-0.03695452825962834,-0.03646901692343918,-0.028115318456053893,-0.030265382587226036,
20070507,-0.03487152635126448,-0.03439912649355575,-0.031371530789431355,-0.030092004959016677,-0.03255606416157832,-0.03162876431051241,-0.033166143488870634,-0.02886716516808833,-0.030971344535720622,-0.02995386801301078,-0.034654367273809474,-0.026372623209445573,,
20070508,-0.04121125316425238,-0.03462557009570236,-0.029012026138972462,-0.03389291999946399,-0.03382265210670246,-0.03607240229599007,-0.03437099799922007,-0.028439295942912935,-0.03072343297406654,-0.031337917227352144,-0.029422508114499694,-0.029830234464106625,-0.028460892046146522,
20070509,-0.033875968231507264,-0.033299047074016354,-0.03378452165185946,-0.02831552685778771,-0.026133287920175604,-0.032045010972907836,-0.03131736558461689,-0.028647532693734056,-0.029763925397285618,-0.03907123768035945,-0.03483163109317464,-0.03584655250785136,-0.030972567165827487,
20070510,-0.04529318530042966,-0.036065827167187085,-0.03433886576760229,-0.04346050042436999,-0.04621204400692992,-0.042293455043940636,-0.041891875521618695,-0.04013903801564213,-0.043729879522430765,-0.03900557862890871,-0.042744875890556616,-0.04824688375513678,-0.035769164666712996,
20070511,-0.04013565600613626,-0.04236734659907618,-0.039626559862493374,-0.040310343851035844,-0.03605286374567133,-0.03600525349306968,-0.04019088376856943,-0.03949761508338271,-0.04214567854089696,-0.04002458018919842,-0.04154406181460868,-0.040551615606525745,-0.032185373386535696,
20070514,-0.036391709217736955,-0.03649914697351132,-0.03867024983865227,-0.03719905424460778,-0.03734911637537417,-0.03283601109065158,-0.037538815907790964,-0.03843983224471464,-0.03916702513599254,-0.03720392859644744,-0.037393181838551046,-0.0386912184963369,-0.029497943369818074,
20070515,0.006522335521748612,-0.0345701620344029,-0.034911528662621566,-0.04002698487648314,-0.0370820992293274,-0.03696762426071497,-0.03279291702346331,-0.03703947553355204,-0.035962919854140296,-0.03814197950625029,-0.03921786894606281,-0.03709265817353176,-0.03485822675158213,-0.028695261857019063
20070516,-0.03998534557974787,-0.039061048717799515,-0.035751160473433005,-0.03944459517798823,-0.038161680433456246,-0.03943101716107416,-0.03597252676716601,-0.03901849860996445,-0.03806504886454139,-0.036907360846268604,-0.0401904945101319,-0.03699099730103664,-0.027151168248468086,
20070517,-0.03733365180049926,-0.03953003757987035,-0.03677885681525747,-0.03796335562344685,-0.0397664618851444,-0.03532394638970918,-0.03980700574083196,-0.03406785033140089,-0.03495366676662268,-0.03654595565781655,-0.03855247649715681,-0.03959719057928059,-0.03395541716068996,
20070518,-0.03254455336105227,-0.032686521294770426,-0.03723975812650701,-0.03538438223782422,-0.028618064845872516,-0.033603554756187023,-0.03290954575802335,-0.024620964486804935,-0.03000039410293448,-0.036080195033984325,-0.039505615137592424,-0.03419890082327685,-0.027969217499828048,
20070521,-0.03223423177739626,-0.03695063920059412,-0.03654993580967463,-0.0380230910008992,-0.037838275669116885,-0.04108639957573123,-0.03991852697898731,-0.03890443310350131,-0.03764857662566947,-0.038641097414753287,-0.03853360858440831,-0.03585597670987839,-0.036077792904574385,-0.029725863413466717
20070522,-0.034580265156732425,-0.0396024596936255,-0.039406418922785506,-0.0359741738129534,-0.038124589041947134,-0.03679463667220049,-0.035823980642145425,-0.03515594772953838,-0.039350341665666706,-0.036647639345772504,-0.038670167478373464,-0.03637455369395448,-0.03582611463958589,-0.0337630237866533
20070523,-0.04077593644953603,-0.04097733934694981,-0.04310787827393009,-0.04314098728302244,-0.04036429459539215,-0.04054878882742642,-0.04269824338988514,-0.042846583991658034,-0.044322325567955984,-0.048458606489694064,-0.04530953102855157,-0.04502705131329971,-0.039185301209323335,
20070524,-0.03685233069351719,-0.033387816521861235,-0.04046685653367472,-0.03733127871522257,-0.07169736463373527,-0.046207802649003545,-0.041428647584043986,-0.043235721166022,-0.0415624673937608,-0.03842721498524772,-0.04567718434810831,-0.05256239077790176,-0.038943774659353676,
20070525,-0.01773799201568846,-0.043964892783090306,-0.04477156249455578,-0.04271947462140891,-0.04133584380088077,-0.041389329375797375,-0.04530291930219222,-0.040957076454914636,-0.04056008317275009,-0.041763441201007924,-0.04182428053313994,-0.03986417961670136,-0.0431803424803628,-0.03667827589890564
20070529,-0.023593805105179687,-0.039087039620817825,-0.03768580881046679,-0.039650899892676277,-0.03794162530880891,-0.038316240474206675,-0.03918930690193724,-0.03951717345923332,-0.0370783116449583,-0.03974066423106489,-0.036578685175713874,-0.038766338794376805,-0.03818082188153288,-0.028850847008517068
20070530,-0.07831766793507859,-0.0373851123569239,-0.039441626617493765,-0.03710368563820472,-0.03714997733135022,-0.04047991477909045,-0.03941927219039235,-0.03664842468226897,-0.03753360361828979,-0.03695377378098674,-0.03505654745156647,-0.0372552038273867,-0.035815423676450665,-0.028894433136829285
20070531,0.0162146700926306,-0.03613656326713675,-0.05592021827578535,-0.03719156862793527,-0.02358396990471013,-0.1011831499769272,-0.0426794688658725,-0.04214216077850458,-0.04241659358839525,-0.046367014108415254,-0.05181903078436978,-0.03166354712676442,-0.03778763487772898,-0.09495306899253488
20070601,0.024792285406595282,-0.02146452489602363,-0.019115008852861208,-0.04025834116618178,-0.04440554603549719,-0.03099802868607724,-0.02733919790274907,-0.05652693029943143,-0.02725692693282794,-0.054637171810780136,-0.0277967050769304,-0.02481577831291037,-0.058984151783501027,-0.07228162088504216
20070604,-0.054799975748035704,-0.023773419279088236,-0.041824401811813,-0.023998736656228398,-0.028688961909592345,-0.04415343364523231,-0.00736350944738565,-0.041629889852690415,-0.029154129474011126,-0.019509235286312637,-0.02504537965646688,-0.03979229999227046,0.0562384654621233,
20070605,,-0.0011098431072184797,-0.04444003889164956,-0.04204691151900392,-0.04066176911647164,-0.02825413216509535,-0.02579353523262385,-0.0537277852181372,-0.05234035667314194,-0.0425648787388855,-0.00898802237629311,-0.04457133478687122,-0.03732851227500345,-0.049080320196263176
20070606,,-0.03235454059453035,-0.021097883663970446,-0.03292318171513585,-0.035274849821076606,-0.031315257756639577,-0.04324288177903022,-0.020945431896919064,-0.03592862760036246,-0.043110622155225264,-0.03368493188515235,-0.03031995031277913,-0.027233084434335492,-0.04723211165455053
20070607,-0.07406927731331107,-0.07557447380579242,-0.07308282530149578,-0.07835199127264499,-0.06748959893961363,-0.06882897157023217,-0.07343994506731831,,,,,,,
20070608,-0.06847659021108758,-0.07134279735727465,-0.06878263935053171,-0.07436202954730076,-0.07434948970895913,-0.07307954435036366,-0.07000040483476339,-0.07221168291461201,-0.0683603607812965,-0.0728930935191007,-0.07105672774281668,-0.0727311588566239,-0.0720856041078649,-0.08601261393996695
20070611,-0.08810804758897944,-0.07886265077830225,-0.07576897292452951,-0.07888457237132128,-0.0736099497869813,-0.0766591723127502,-0.07280608254999142,-0.07900896911611618,-0.0820655098363123,-0.07337744425501998,-0.07706466744846147,-0.07536749231182288,-0.08349785143376005,-0.07890984120817426
20070612,-0.07208346643019074,-0.06863580836598929,-0.07262917397889526,-0.06861105239984994,-0.08297554425023275,-0.0696949799550349,-0.07371642634367939,-0.069922258585369,-0.07126557874679373,-0.07145379955738368,-0.0743116714638709,-0.07309185243874784,-0.06752054678271567,
20070613,-0.029374686247671183,-0.07241990440401441,-0.07519196567464564,-0.07783700614361642,-0.069455815153826,-0.06648051130675893,-0.0700407046078343,-0.07105586209145603,-0.07416630650260514,-0.07219986572925441,-0.0774393556096814,-0.07530657715765392,-0.07178014781287706,-0.06565175287804033
20070614,-0.06934331736734865,-0.08055203593815943,-0.07922919675107824,-0.08273838664544451,-0.0810659384879027,-0.07748126649996806,-0.08386462740244588,-0.07667032738107188,-0.08916756348769551,-0.08608713273627254,-0.08308834146164179,-0.08902615083315851,-0.08003441558335549,-0.08658801170652741
20070615,-0.006973597671501507,-0.08567536661221034,-0.09449704945940228,-0.08181555704201464,-0.10141353172582697,-0.09188731426501416,-0.09473005036811047,-0.0869622785779017,-0.0841293099301904,-0.09337128814763476,-0.07861707387695077,-0.07868195195909503,-0.07466959862456497,
20070618,-0.06482683252616264,-0.08131093873727263,-0.07958355285462021,-0.08094780287618643,-0.08062726974675294,-0.07682870679387949,-0.08284050918495924,-0.08273719516749804,-0.08139591734179567,-0.07848513237551094,-0.0836749689874976,-0.08267141616069569,-0.08539830882023877,-0.07723952815680893
20070619,-0.11174970647063673,-0.07413579507432261,-0.07916858132157142,-0.0881276589842605,-0.08300027736411104,-0.07986237521699555,-0.0731118422341969,-0.0833346531692867,-0.07682882054772683,-0.07682868449820127,-0.0865470784523102,-0.0767215899047975,-0.07832484710948137,-0.07462240991480554
20070620,-0.0521835839434987,-0.08328331017424251,-0.07810860059130637,-0.09002974710509237,-0.07824737408177596,-0.08103597834839744,-0.08692288278705616,-0.08348477898559822,-0.07549371269773364,-0.07862296536985805,-0.07408231087223612,-0.08100314837587526,,
20070621,-0.07568973469721733,-0.08448377822302439,-0.07490283570534081,-0.07545434848910929,-0.0797357380749247,-0.07481410659852229,-0.07874585646975388,-0.07977132928040344,-0.07929385409096572,-0.07138817667946513,,,,
20070622,-0.11065411266769094,-0.07475819751857574,-0.08194123699704207,-0.0720694841105762,-0.0776009211108602,-0.07574905072176186,-0.07522879915159451,-0.0750244294228867,-0.07629634183419269,-0.0738546876169067,-0.07041879751810902,-0.0710729678611349,-0.06834406044253867,-0.0739794286181866
20070625,-0.06659249099790569,-0.06741017670930233,-0.06582759235606148,-0.07245019763035289,-0.06980129189045375,-0.07048643695938814,-0.07143916114076332,-0.06813680918852798,-0.06749529759781368,-0.06783708711458585,-0.06512493131297847,-0.06318409708813853,-0.05552896665260961,
20070626,-0.026335138045392812,-0.07224219600085846,-0.07192103706511548,-0.06478640786403184,-0.07027026780882757,-0.07446765354875823,-0.06539287775549847,,-0.07213948731131103,-0.07040188135218123,-0.06470166366657315,-0.06431539209039691,-0.05890094271671549,-0.06565985243193584
20070627,-0.09583596775994031,-0.06179450540124225,-0.05717075449546204,-0.06800896518034144,-0.06839419488041168,-0.07109973912911591,-0.07090601545154598,-0.07495845279591613,-0.06636914339745079,-0.06984928313909665,-0.07298226551605644,-0.06825173669756278,-0.06868904734300602,-0.06295520802598863
20070628,-0.07921339171382892,-0.07305397871801085,-0.07129299907418662,-0.06694682493233282,-0.07101247261514412,-0.06995316044553995,-0.08134930810964769,-0.07688913448913548,-0.075641628769641,-0.07879509749221393,-0.08101651323909584,-0.07552955530485815,-0.07622982238658407,-0.07553115031952004
20070629,-0.029481328234946348,-0.046088124996969265,-0.04753926952713761,-0.047745250553055785,-0.04640515972186454,-0.04676224357846724,-0.04818984118786489,-0.04789218748321414,-0.0483360632142858,-0.04752723722450002,-0.04713811048604321,-0.0464039425203524,-0.04995755213300298,-0.04632024585022921
20070702,-0.03519924702164851,-0.06909511169440939,-0.06929073008923284,-0.06773385447486346,-0.06805922163428746,-0.07019863795430493,-0.06485228306458041,-0.07045502764965024,-0.06922247658937154,-0.0668253235877129,-0.06566059976889933,-0.07145385361155085,-0.06577320967569923,-0.062153915538337906
20070703,-0.05187981033814168,-0.06850100273039764,-0.07040437996038851,-0.07285040422410748,-0.07227618814418504,-0.0683649200272725,-0.06962615136571527,-0.06913955222610785,,,,,,
20070705,-0.08646228360271824,-0.0727326089232146,-0.07300986221445491,-0.06750012629862612,-0.07334675798983209,-0.06988839602106675,-0.07452062180841038,-0.0766803684895181,-0.07216629925125079,-0.07073248171607867,-0.07478225044746227,-0.0665581283269924,-0.06346413424029518,-0.07610427114383912
20070706,-0.08201640501590587,-0.06522287958397217,-0.06037612651531103,-0.06170480951599551,-0.06375202109674898,-0.06136252888939228,-0.06066134123510331,-0.06211729588046567,-0.06047012083990921,-0.06157923227177303,-0.06503884325094743,-0.06465104946031744,-0.06507252102086855,-0.06183334658600175
20070709,-0.06326260203337185,-0.05830958138708345,-0.05982550536510793,-0.0668054958622486,-0.061552803708283976,-0.06313297378443744,-0.05989198943805786,-0.06512552226844107,-0.06572811508850912,-0.06626899454629372,-0.06445545780109152,-0.06297825349038971,-0.060493018721321686,-0.06734055141733983
20070710,-0.12490095741288448,-0.06661944035777737,-0.06550930353503079,-0.07152356449682207,-0.05690743147145147,-0.06508430039159285,-0.07148583797563503,-0.06704596897046333,-0.06545062584095776,-0.06507195382570846,-0.06070145436400144,-0.05973348631165911,-0.06560643101367203,-0.06304311263098171
20070711,-0.083305063543107,-0.06072842453610451,-0.06326591343687712,-0.06358820935526874,-0.07066674577394716,-0.06502887689522435,-0.06732371725846449,-0.06461995432648175,-0.063513165860882,-0.06163071706207675,-0.06937114177893837,-0.06040430939088094,-0.06563606465247916,-0.07443688189965586
20070712,-0.03482967538537123,-0.08242793008862616,-0.07776514031210852,-0.08801345748438678,-0.08553450225859406,-0.08163707630534135,-0.0799562958259701,-0.07927589537879527,-0.08023972448606227,-0.08564526520236036,-0.07980714147868856,-0.08010481969351556,-0.08157842566688547,-0.08351058455352106
20070713,-0.10549823013276638,-0.07864833001118426,-0.0865605786648138,-0.09244153234686542,-0.08701877951136375,-0.0882564402111427,-0.08729951658974314,-0.09113024447826307,-0.08635826018588874,-0.09064949043147187,-0.0899341004312658,-0.09562836387808821,-0.09188573440197607,-0.10125373341498295
20070716,,-0.08190642491671961,-0.08367016099225297,-0.08537750896583157,-0.09122308850886302,-0.0849081994635853,-0.08170054954082388,-0.07847977449247091,-0.08720867007800401,-0.08172958100827954,-0.08862322166614275,-0.07970521123829738,-0.08768348430250215,
20070717,-0.07787898990185382,-0.08921017973695042,-0.08699600310175039,-0.08607761654575852,-0.08508172746712979,-0.09012715480267314,-0.08552828834364665,-0.08533111386760218,-0.08930268557805426,-0.08574861202600204,-0.086010327601858,-0.0814746152294926,-0.08810911400305337,-0.08014459987623171
20070718,,-0.08067085056119805,-0.08066382458380665,-0.07752853289069007,-0.08759832082684678,-0.07698105196707354,-0.0785375532673806,-0.08224368864710627,-0.078685347223142,-0.07858466188775906,-0.08228999973863073,-0.07858225440001461,-0.0765577268029665,-0.08201755965525373
20070719,-0.034393431916541296,-0.08698377881997763,-0.08039401463366543,-0.07920571382270888,-0.08551206751094519,-0.09220784219728462,-0.08210072064360902,-0.08151382168775058,-0.08024034120631002,-0.08409464876696397,-0.08194210424942538,-0.0923450032364191,-0.08159327895441032,-0.08730535843617615
20070720,,,,,,,,,,,,,,
20070723,-0.013677869323700836,-0.08011793620976497,-0.08102512458618857,-0.08071872667329272,,,,,,,,,,
20070724,-0.06408886525928265,,,,,,,,,,,,,
20070725,-0.07037570725104653,,,,,,,,,,,,,
20070726,-0.057422029088855825,,,,,,,,,,,,,
20070727,-0.04650525350473727,-0.04786663718829202,-0.04194499451340281,-0.048306648989929146,-0.04415638114917135,-0.04523892680846422,-0.043330048083897836,-0.046669029185774105,-0.04851511316876345,-0.049626709916643946,-0.045009007903051755,-0.050202729724264615,-0.048626737988606804,
20070730,-0.04576508826550849,-0.048757603801805376,-0.04838933680186385,-0.04313439273073583,-0.04348378986130098,-0.042648806751603506,-0.04895351173938031,-0.04475113703053249,-0.05095601841803176,-0.045991801286504916,-0.04375435516862531,-0.04714402682039508,-0.04486997486453256,
20070731,-0.04613411659840281,-0.044527084666406896,-0.04424323904547751,-0.04176160429844058,-0.0449078939090052,-0.045132445436098165,-0.040762366947608264,-0.04416363106739016,-0.044220749316969475,-0.04004820818673487,-0.04421396294419772,-0.04584323325850878,-0.04476171111587014,
20070801,,-0.04922376994000026,-0.04652970037565036,-0.048916340531217344,-0.04720744468725916,-0.0434250739419859,-0.04572468034957932,-0.04559025470895931,-0.0470360759820695,-0.04422009895116555,-0.04713803868188408,-0.046522105881329705,-0.04465206584831505,-0.03853192354108079
20070802,-0.04138967786585726,-0.04213066316700038,-0.04181540712992121,-0.041700210707532444,-0.04170507855316641,-0.04236072237943839,-0.0433817779179635,-0.040719676849747664,-0.044033875493884385,-0.04347736560304245,-0.047340028167797664,-0.0382032309882064,-0.03695607898760438,
20070803,-0.04246322860624938,-0.046300307704423053,-0.041853484749441054,-0.047268756801395556,-0.03798036115432353,-0.043641071129020347,-0.041456528927609024,-0.04189332916785812,-0.042001900435259976,-0.04283533535705484,-0.04225050752160532,-0.0477991567465957,-0.05392209646996706,
20070806,-0.04603471832795734,-0.047667856492599095,-0.04061530331015429,-0.04690528503513205,-0.044603776882003385,-0.04229693761633576,-0.042653176858625075,-0.04267809661028185,-0.04279012854428902,-0.041465407843562806,-0.04316764155040406,-0.03813751640888255,-0.03650932987074259,
20070807,-0.04282299245864879,-0.042985403445538195,-0.04334794092970655,-0.04048825155088706,-0.0432463962489991,-0.04414165187892852,-0.03816802755674438,-0.04083040097020866,-0.04206381297549208,-0.04445239587376935,-0.04020316745150831,-0.04489676311842836,-0.04308134306234858,
20070808,-0.04615311943278975,-0.04424623855415829,-0.04376899195077799,-0.04610795887196212,-0.04295664008901836,-0.04218334413230193,-0.039171590502577416,-0.04163977696183688,-0.041732935959863354,-0.03969894351820507,-0.047314319732806816,-0.040026280161177076,-0.03631265639638579,
20070809,-0.048784101785135696,,,,,,,,,,,,,
20070810,-0.03421695273824191,-0.0388502332576659,-0.03374137368763322,-0.04271928418896128,-0.0324603466466652,-0.040140151908860534,-0.03785968262252626,-0.04216160858374627,-0.03846596966525769,-0.04281036319343236,-0.032852171494986926,-0.03908556678554,-0.04811056452466376,
20070813,-0.03481717779814552,-0.03732655618864238,-0.03272551276466896,-0.03529706943979031,-0.031167079785956835,-0.036769676729690594,-0.037201550289101194,-0.034070133623418423,-0.03181954997730109,-0.036719718554702484,-0.03508284803940699,-0.03631668119674275,-0.03908854510413411,
20070814,-0.032304652895130216,-0.03383375063232445,-0.033699227923779246,-0.033006692829624464,-0.030674123031851637,-0.0356687304489871,-0.030013342699974663,-0.03423844328076585,-0.032691741630132796,-0.0316755505175827,-0.032331793881416375,-0.034469961901357565,-0.048885260347684374,
20070815,-0.03366480990224223,-0.03161892429917804,-0.028737211491665013,-0.028053172033296374,-0.03349720462918974,-0.03095779715759543,-0.033700183243893636,-0.03057852106463307,-0.03212803267686682,-0.027979076126137616,-0.03450223941659976,-0.0327428011243587,-0.03882759210009081,
20070816,-0.07717639870111026,-0.030944019515219422,-0.03290706192020609,-0.029326176296372936,-0.02524532270132909,-0.028771226797185905,-0.027720452001935982,-0.0333713143423888,-0.02929486834108643,-0.0285601552525867,-0.031305264658284516,-0.030609474682161405,-0.027584783512142816,-0.03916294012246885
20070817,-0.03481187364813555,-0.04220517232434728,-0.04404015595881717,-0.03761831138703496,-0.03815644447223567,-0.037026020693869885,-0.03517309242619892,-0.04497728511071007,-0.03770208170745281,-0.03995682292004683,-0.04236016015322291,,,
20070820,-0.028034181132425038,-0.0331331916812494,-0.04251894222505764,-0.03303047754890214,-0.032905700498952445,-0.03412744749174163,-0.035155236480277983,-0.03279237783527327,-0.03236104048727013,-0.03353421093784692,-0.027169561021880066,-0.03148935177811038,,
20070821,-0.031706488713590344,-0.03027425746836809,-0.03514320085875399,-0.019236264273176634,-0.05279882581225689,-0.03560029356497658,-0.04180176032059396,-0.03623984469992679,-0.039161423078732834,-0.04302021011146843,-0.05587893756786819,-0.038787349890717915,-0.04228584007004425,
20070822,-0.04308782917099551,-0.05564931015599916,-0.052926693402961314,-0.05698868133145647,-0.041368948898709325,-0.04015022786432151,-0.04368317328888358,-0.041886465834493444,-0.042403831738565274,-0.04155538567541498,-0.04190128247525071,-0.04173210488179319,-0.031338879966806794,
20070823,-0.04341766918700829,-0.05551939283527044,-0.037875326923503955,-0.04396073026588729,-0.03995200368198007,-0.04033551608760544,-0.05365906187483095,-0.041087943761612025,-0.041086550551277086,-0.041509398868198204,-0.04153593396128154,-0.039774601914024786,-0.03757975543681173,
20070824,-0.03948819757812891,-0.03889973568252746,-0.040251423960152286,-0.04121868405709002,-0.03724852680456889,-0.04032519222224027,-0.03795718183397079,-0.04259139620965161,-0.03568396562263516,-0.03769813817226987,-0.03719959498003722,-0.03206681020379816,-0.039337674118569074,
20070827,-0.03251282380983674,-0.03745941732988386,-0.03685099045294047,-0.03622923986440287,-0.03599524596990656,-0.03906529187517174,-0.03735183749984865,-0.03534737578917614,-0.03567556301646795,-0.039875108144921685,-0.04357183139299494,-0.03530990370340679,-0.038731292865857,
20070828,-0.03224614410281136,-0.02858648702898451,-0.035983529703615215,-0.032292574954764085,-0.03601363808662468,-0.04114033822521475,-0.04177229550915278,-0.038540029575202576,-0.03150093835937692,-0.02986794533829122,-0.035856978168337335,-0.03247275876513718,-0.030142919492568136,
20070829,-0.03213549610161096,-0.05144598866591318,-0.03547025981388347,-0.03687455969825151,-0.03753952225573725,-0.06015361799921827,-0.03749458803424917,-0.03704403578574989,-0.0348988904600181,-0.0448274750391063,-0.032566080563326584,-0.05342021968865439,-0.03705453001898369,
20070830,-0.036857599890945135,-0.04036215448394774,-0.03286093039582335,-0.04127968418009963,-0.04173892455533691,-0.0348967494211632,-0.036232529082278725,-0.04297409443316857,-0.04014795259458438,-0.04019045931556486,-0.039202592486014966,-0.03782217481383035,-0.03979238538581505,
20070831,-0.043825693600449245,-0.0363250577431186,-0.04205937442586319,-0.04147000711585537,-0.03926700554791737,-0.04087519912354953,-0.04058824521552407,-0.036980803231825,-0.04105984428616925,-0.04043613785429896,-0.038903887373401905,-0.040043126614973314,-0.04500022759949359,
20070904,,-0.05294631945761891,-0.038289722543988346,-0.0336517752952326,-0.03836753854614222,-0.03637543152075059,-0.03566581404397717,-0.03858975790731795,-0.036374173860700805,-0.03557432285952851,-0.041748193381571444,-0.03618990886243708,-0.03292806090441783,-0.03671082211300342
20070905,-0.0364594866741068,-0.03617565790145564,-0.0372936172542901,-0.03486527942822822,-0.051660745616001626,-0.0387494620546692,-0.035706681947467324,-0.03944958003816054,-0.03807175731395263,-0.036155316318229276,-0.03557127999101631,-0.03649317582478324,-0.031932701296685746,
20070906,-0.032251632895913596,-0.033892796427488346,-0.039363604909374315,-0.03633158424349343,-0.04001933952721371,-0.032781200661490754,-0.0358257364056178,-0.03580482443550835,-0.0319047456328207,-0.03661675849748593,-0.034780873271603466,-0.034402173071135696,-0.03336869977778472,
20070907,-0.16901274828934715,-0.0433228902610756,-0.039003792880963735,-0.037155632017671525,-0.0415283988281828,-0.035534635350913064,-0.038376408525169464,-0.03866641362915949,-0.042237186997127446,-0.038460346971554,-0.03937179506276895,-0.04243083293779348,-0.043749871581773486,-0.03004548107455677
20070910,-0.036573301739335526,-0.038994529957284786,-0.039926733205600674,-0.03259593660761066,-0.041261320199873934,-0.0399230409630276,-0.03755360753948264,-0.03854099665005834,-0.03830141081099705,-0.037402831834717605,-0.034372422902819236,-0.03431732501779274,-0.029667085411093374,
20070911,-0.03741537441464459,-0.03871584376317444,-0.034415267357707495,-0.034452910514160905,-0.03666759379499851,-0.036336251519783,-0.03600031910908634,-0.03622422074170114,-0.03825892890649412,-0.035719902110474155,-0.02867866531337617,-0.033650604661340844,-0.028549382952906842,
20070912,-0.03234000365189456,-0.03195705987414602,-0.034014598626207974,-0.03349879434514931,-0.03566959595816734,-0.03723904235427471,-0.03415202711820224,-0.03182838802187756,-0.03402628801761196,-0.032730691879535645,-0.03432740462145607,-0.035309890498529055,-0.0324306640233706,
20070913,-0.0410181926384939,-0.04141199156334189,-0.038379901663298056,-0.04039161915141903,-0.039533251202271476,-0.04165867083506146,-0.041071729148694704,-0.04196188572766801,-0.041205374465810386,-0.042340443011259866,-0.04083639133350058,-0.040973602999436795,-0.03398839656081212,
20070914,-0.041269690533086045,-0.03973489328609645,-0.03875736799854784,-0.03880990105400947,-0.04252563356058013,-0.03888911125184505,-0.0390246769898652,-0.03760172589023452,-0.04177960123533541,-0.03896262647156238,-0.03875782189458256,-0.04008486061677993,-0.04184488473337588,
20070917,-0.03487167194940332,-0.038028230149000544,-0.03740901767796869,-0.03798640037190435,-0.03882198278847734,-0.03682604909075274,-0.03717708782403793,-0.037415125689135645,-0.03804865710568326,-0.03723328298073499,-0.03562644610128043,-0.03827011497965685,-0.032939821700633864,
20070918,-0.034911130387599555,-0.03257515985623009,-0.03196147460278736,-0.03547809486477338,-0.03683280629513767,-0.03434679556745834,-0.03552781408250263,-0.034296104211954254,-0.03335114581038124,-0.03906970250194528,-0.0404407010179576,-0.04015035195495065,-0.032045041711212634,
20070919,-0.047505792629737385,-0.04523133171536706,-0.04521432677838924,-0.047730136881759935,-0.046550138593776096,-0.045706271670273885,-0.044076596736458654,-0.04439343467156458,-0.043850438747952115,-0.04574624822080965,-0.04516136546331798,-0.047722448708575435,-0.028979060527308007,
20070920,-0.053940562960703216,-0.055808315006927754,-0.056224598437832514,-0.05559955432709428,-0.055348023365165824,-0.06024845624636523,-0.05493825711406075,-0.05212369033498898,-0.05516885241282557,-0.052461638719987436,-0.05364937963255418,-0.05206430911015091,,
20070921,-0.03775561309935871,-0.04388668945716236,-0.04007499666485646,-0.03918523781906871,-0.040105455965671895,-0.039145339805063704,-0.04167824860052263,-0.03912044338313587,-0.04087691835198707,-0.037969276143079204,-0.03950863080381958,-0.040213748930060654,-0.037773202488733636,
20070924,-0.05755209002899259,-0.05867943104369514,-0.060507720951995136,-0.059928081157929775,-0.05983862035646417,-0.057510841759446575,-0.05665840944214602,-0.05508004560386489,-0.05302888302976189,-0.05614016786707823,-0.051248789580030124,-0.05266420330440008,,
20070925,-0.04246337141004538,-0.04186406706586955,-0.04546496181999989,-0.04488594724696152,-0.040815202361070876,-0.04336385554304756,-0.04428912561653462,-0.045784416383806724,-0.044981096816588,-0.044794052748860565,-0.04324849392990621,-0.04178131670230108,-0.028339080867710857,
20070926,-0.048958145375858776,-0.042107417341498185,-0.04404029816893997,-0.04348920742348978,-0.043120448425768954,-0.044322947263995195,-0.043754442513279944,-0.04118900982336262,-0.042275629856353705,-0.04456834290020905,-0.04743588617824617,-0.04530770028619434,-0.033033138545576185,
20070927,-0.043123979860985255,-0.0439084464653432,-0.04419106068909275,-0.04747496466125803,-0.04397094548728308,-0.044923447981975353,-0.04564015641137318,-0.043695601262530206,-0.04578425028700999,-0.048160935251316976,-0.04729601615671698,-0.04675581658853911,-0.03762376826086563,
20070928,-0.07531957724123305,-0.05257388723187402,-0.04770297428641275,-0.0769921357262138,-0.04647495524344644,-0.05178671894073459,-0.075914026699739,-0.044339147210749566,,,,,,
20071001,,-0.07442069864787614,-0.06925822837886005,-0.05497893078477233,-0.07519557491592962,-0.05351501503970451,-0.060701749598482214,-0.07615569712748897,-0.07566472255712421,-0.0715149680204987,-0.02995285511252036,,,
20071002,-0.030640938754955438,-0.07082310260308472,-0.047337483631817064,-0.05073620593821827,-0.05111061436999648,-0.04640814565640999,-0.04192019357973971,-0.06796164138133885,-0.04698282058447909,-0.04740357431514674,-0.050264920275170856,-0.04906582113930393,-0.03898405268523337,
20071003,-0.06421120578691951,-0.05120730781160825,-0.057997567529204895,-0.05049409578423361,-0.04950133604659589,-0.0520192980167425,-0.04425519041526045,-0.05392142380301181,-0.049877671727401963,-0.05274129647534491,-0.04877172843079255,-0.04728984964853755,-0.046487020924444546,
20071004,-0.042739385159234866,-0.07101488543611442,-0.04960226281320886,-0.05096380387451553,-0.040410571460422,-0.045372806172455316,-0.04700283610153406,-0.04794123000837928,-0.043402993274808614,-0.043971520466741354,-0.051554780153279675,-0.04592784587500281,-0.035894352504817977,
20071005,0.06080287842285959,-0.05433283453000229,-0.04404174618255131,-0.044066938961756945,-0.04078640016457478,-0.047499543602385785,-0.07090797209012517,-0.07003555906132766,-0.07733537956810828,-0.07554392446219502,-0.029710177900803606,,,
20071008,-0.04535422419463874,-0.046301571287197224,-0.03947028262671985,-0.0399126668148871,-0.02845037967369216,-0.039272284596165906,-0.039882660167433574,-0.041099250631378974,-0.03971122553776277,-0.041477151274084294,-0.042538871064236594,-0.028731939683357247,,
20071009,-0.010378436999149894,-0.07610475068470285,-0.051632318786456265,-0.04245895030060351,-0.043041385539685166,-0.041671237696698754,-0.04042595676720671,-0.043268927497936774,-0.06345323654649335,-0.037876916262255776,-0.04264666786028452,-0.030617674234728144,,
20071010,-0.04642099747617333,-0.04815658081038097,-0.05004039407947077,-0.048230242120372066,-0.04346580923288287,-0.04030970444474953,-0.04470886720177569,-0.06156188798433509,-0.04200302989593324,-0.0475817141718075,-0.04944538580184728,-0.044182285648935136,-0.03742155628466905,
20071011,-0.06217429722783298,-0.06289148329489382,-0.047281590717298094,-0.062466661515368845,-0.06615930208930078,-0.06171061418052182,-0.03519926172751878,-0.04614215270181316,-0.06096239607094794,-0.03415819166116515,,,,
20071012,-0.060739238634924406,-0.0590542833821949,-0.06251444962055833,-0.06300690413695118,-0.06487239307240592,-0.06745124613343796,-0.06538553033217843,-0.060195727675590664,-0.06514410478778444,-0.06010071362593606,-0.062365344857823024,-0.06205518860221598,-0.03716195332408401,
20071015,-0.05623992506848387,-0.05837367401262651,-0.058673335148625105,-0.05442980649215311,-0.039730687561147955,-0.05534653166677105,-0.05465332911368726,-0.043895076240661225,-0.04810751100239043,-0.04836108851786083,-0.05356869908830109,-0.057595797254882855,-0.038314069040481506,
20071016,-0.057244595548612213,-0.05175973690630563,-0.04779591392565861,-0.04877051376092109,-0.04990774288085749,-0.050786294415450475,-0.050904393113521774,-0.050035015646076146,-0.050230526770118925,-0.05047982286547537,-0.05184455428338708,-0.0489833862631649,-0.050933784182393665,-0.042356391191891545
20071017,-0.05573645265479302,-0.05432772163251036,-0.05204861627175015,-0.058708565568661164,-0.04437677532812308,-0.053786338951364095,-0.05179428775416091,-0.052121692958019314,-0.05025756702628595,-0.05004208628303564,-0.052078933629244824,-0.05415785570412775,-0.04038274999889254,
20071018,-0.04985616856961103,-0.05183903202822699,-0.049185236302555474,-0.04922638240167625,-0.05168654998095159,-0.049464392855252684,-0.04945001663943639,-0.05084884280173258,-0.052162380342038905,-0.05449329201506849,-0.05254801577319842,-0.053060960207517716,-0.04134747429481275,
20071019,,-0.04793581303260703,-0.05330864034684818,-0.04694372036841674,-0.05314425687085835,-0.049218218356234966,-0.04230999901456971,-0.040252949554301684,,,,,,
20071022,-0.04593925112352768,-0.022200698124631303,-0.05029510099829754,-0.050312387687199756,-0.04398197465548233,-0.05572792714897436,-0.04442896843244708,-0.04782055710580072,-0.05542371561761987,-0.0407309345969083,,,,
20071023,-0.048980417167826355,-0.04815108438435893,-0.04663770800134054,-0.046219888081360495,-0.04426543050052475,-0.04596168408524375,-0.04611190113307938,-0.048254746417434505,-0.058146849709423375,-0.044460290465677704,-0.0361970181137616,,,
20071024,-0.05346678744311893,-0.05829905366914565,-0.04907821784399673,-0.04664720891356012,-0.0456757137049971,-0.04577207136237873,-0.048252567246168304,-0.050187567039924344,-0.04726152050202751,,,,,
20071025,-0.05485570354246938,-0.04846299901170104,-0.051010381116220666,-0.03969805927300278,,,,,,,,,,
20071026,-0.0509456747789957,-0.048898389240519494,-0.04891307228373862,-0.04395768327669996,-0.0464460947254956,-0.04649508446149863,-0.04578362049012991,-0.048180058731812615,-0.04739208958880171,-0.05124840443162801,-0.03677787897745373,,,
20071029,-0.05768299478161187,-0.04819944463151534,-0.04188546339791394,-0.042424424456586035,-0.04329188769737664,-0.03943396174688419,-0.0428486239091445,-0.043386686863204814,,,,,,
20071030,-0.05086163447155583,-0.0419383045031407,-0.045702412192619564,-0.04932875508155495,-0.043800565181650056,-0.04240328821188964,-0.04086165854578914,-0.04051554251606676,-0.046671012737036235,-0.04353647717973342,-0.04202074636441371,-0.046261703161035464,-0.04408314385086744,
20071031,0.03712177111734477,-0.04533803952702591,-0.04810269364803115,-0.045035586290749385,-0.04370454188822597,-0.04240634034667353,-0.050285184302487046,-0.04689602827067671,-0.04736728107699701,-0.054352470750020185,-0.05278855306843288,-0.07143404588361167,-0.045943443020152776,-0.04890306705814292
20071101,,,,-0.0476492461482734,-0.049492208553534076,-0.05412582089213119,-0.06121096442054717,-0.05104050198672138,-0.053102469610092816,-0.050202810185597795,-0.05287518213233613,-0.059342192610809294,-0.051116340549225266,-0.04646566822614679
20071102,-0.05308664747076914,-0.05845841927248391,-0.0509934565074614,-0.05064704287091892,-0.03811582659456404,,,,,,,,,
20071105,-0.05290744872338636,-0.0476597961455265,-0.04810214249720587,-0.04552962190987766,-0.044912931256978,-0.04800655469707082,-0.051017266336195445,-0.05585638400266118,-0.045801613946342246,,,,,
20071106,-0.05758752400804623,-0.0598874827207136,-0.05309845513711254,-0.04785165770494907,-0.04889167424574259,-0.09643908590532624,-0.05570050867484019,-0.04861512731423369,-0.032644136600933994,,,,,
20071107,-0.05854754945454162,,,,,,,,,,,,,
20071108,-0.04200980837327735,,,,,,,,,,,,,
20071109,-0.04168352098062796,-0.04534362251999343,-0.04367163038306794,-0.03930567386033209,-0.038944930517298956,-0.03895028362912184,-0.04178303776987509,-0.04217834356069793,-0.042588143174532515,-0.04026628415241924,-0.04352365083990919,-0.04123309147742015,-0.05261910403456189,
20071112,-0.05158302798707805,-0.0397031765846726,-0.038622348851168345,-0.03936157792476548,-0.014798031039761425,-0.043337964126008495,-0.03718502171967193,-0.04326473623782138,-0.043174887117975895,-0.04042357523199418,-0.03653374635532287,-0.03424761136621898,-0.03926222892411787,-0.0528027894231998
20071113,0.03266438018354395,-0.036138881637967225,-0.0360515531416059,-0.05761661902538915,-0.04273138585077886,-0.04827046583800831,-0.04324556341858988,-0.022274750615617945,-0.043937483125577284,-0.039647980795384896,-0.03976549066760788,-0.037311648899650676,-0.04179893707549446,-0.08638070521170561
20071114,-0.040867156671425355,-0.04198636939313871,-0.0403646824730105,-0.04292395994677013,-0.04115129863180996,-0.042288519943093704,-0.04278465678073374,-0.04128192058539767,-0.04353586744632226,-0.04007542937187599,-0.042535950931378894,-0.04023136924016758,-0.04355514852759129,
20071115,-0.03858325052607105,-0.03712427816400078,-0.03989609454693699,-0.038521803779308444,-0.03353241171992963,-0.04004870487264152,-0.037694296500481526,-0.03318658037712306,-0.03936139652769175,-0.035199451384946914,-0.03883540803894344,-0.03708244650743927,-0.046028076148599814,
20071116,-0.04057012740715082,-0.04102722629864343,-0.034079807478496975,-0.0526925868886469,-0.037926637219297614,-0.047742399248070014,,,,,,,,
20071119,-0.03982800802718394,-0.041266043627766646,-0.03592024931713212,-0.03630672203034925,-0.037694003715427644,,,,,,,,,
20071120,-0.03477335910995024,-0.04014931827135445,-0.04018895134074998,-0.04421411498021529,-0.03801254414102121,-0.04156846948977185,,,,,,,,
20071121,-0.037498172784329264,-0.03822458302747081,-0.038191753563852245,-0.04597527530297201,,,,,,,,,,
20071123,0.00490983258789787,-0.044135044382673516,-0.05356807922938359,-0.0522016733370184,-0.05263913620466479,-0.053485349718425564,-0.048733761052116686,-0.04706064149584574,,,,,,
20071126,-0.04450403751476293,-0.042309800006282566,-0.040727582002548564,-0.040786801129597886,-0.04015241839552222,-0.04369135434713176,-0.04930607636791378,-0.04643615341320895,-0.04394871815619639,-0.04002202565350107,-0.037743380340812586,-0.03794162736990705,-0.04762024931097282,
20071127,-0.05085677464365035,-0.04249740677221577,-0.03627101762096176,-0.03631208494116239,-0.03217272430249467,-0.04666617584074009,,,,,,,,
20071128,-0.03969339910010868,-0.04267533781463805,-0.04241469016032949,-0.046075528874933644,-0.04423877429701315,-0.04035195029741966,-0.037739798332858045,-0.0407875671094088,-0.0467844720392572,-0.038211750361139656,-0.03960177729536981,-0.03990024005938791,-0.022669949531178478,
20071129,-0.04051167153725318,-0.04592267415341893,-0.04071488409084553,-0.038046159810610825,-0.03686605167642424,-0.03580588956309442,-0.04498950554739378,-0.043885960692194595,-0.04084159689976661,-0.042525173161724175,-0.04461065092003343,-0.043745356923456234,-0.04347763030738424,
20071130,0.05689307470876301,-0.04016672123189364,-0.04703371694478739,-0.03900087110896005,-0.04429244975597293,-0.03805266405876121,,,,,,,,
20071203,,,-0.04018584564544947,-0.03885363240260707,-0.0413697777653888,-0.03696818304319759,-0.03748349464099481,-0.03837653230816995,-0.052553499273715325,-0.039759710557593086,-0.040179707394736724,-0.040893921347967946,-0.04175951076166116,-0.03538113728222349
20071204,-0.06647357673416074,-0.035558974837512504,-0.03983758190758033,-0.04259616313698628,-0.038684578761178666,-0.03849202652188519,-0.03809503145258089,-0.044683214849558506,-0.04424446332186471,-0.037822380540887136,-0.0418096207692294,-0.04083635307860465,-0.0388960567764468,
20071205,-0.0438933052137655,-0.03580591129520066,-0.038018103612655264,-0.07004887208917007,-0.03934658950726619,-0.037029519659893644,-0.03226033331700176,-0.040624848997008134,-0.03915322187769485,-0.044368715969208466,-0.03470599292027382,-0.03789615648637685,-0.02840024718025546,
20071206,-0.038603070414698244,-0.04152230009130117,-0.03797009795359888,-0.03692443423087208,-0.0367723748127841,-0.040038433164718064,-0.03919032533880227,-0.03683166921129721,-0.03686291157081395,-0.04062842831608311,-0.03773792355691525,-0.03766373137473034,-0.03061219534559893,
20071207,-0.037533764116433936,-0.040717049135822164,-0.05092908607936185,-0.04007656943488637,-0.038810639103371534,-0.038480218479884136,-0.040567732828672334,-0.038460407395548686,-0.039322851616624285,-0.041312453278776626,-0.039189747583317,,,
20071210,0.03662488964166017,-0.03280829932493483,-0.03658624276753115,-0.03895548996963377,-0.03157870533420004,-0.03161198423423486,-0.03332793974339116,-0.035160699905788725,-0.036239739885058596,-0.03975059926477693,-0.032982790874300116,-0.0392297838775591,-0.03755416121207009,-0.02319602210269364
20071211,-0.04447534120588258,-0.04004553781714134,-0.04008833379372886,-0.03651656278024743,-0.03398424485584252,-0.0358152416228956,-0.03570926014119945,-0.037772464410856466,-0.054505092069879975,-0.04399054479275234,,,,
20071212,-0.03596020169113017,-0.047633455617929005,-0.054189790400823896,-0.03366605682609939,-0.03831578960143397,-0.04566527832705989,-0.04831296332497602,-0.030347425638022618,-0.035519397177517474,,,,,
20071213,-0.037948529487461774,-0.03654621731381449,-0.0379132198718399,-0.03700486525070711,-0.034503681466009295,-0.03620831876994314,,,,,,,,
20071214,-0.038216824649812284,-0.03625165501990218,-0.03593516484923173,-0.03641355375739585,-0.0429837830403279,-0.04000168794357943,-0.0389296381520031,-0.03438246934840537,-0.03574386356311669,-0.03542146388169309,-0.04345498049521393,-0.03740693454699549,-0.033598177469803744,
20071217,-0.03633965666076025,-0.036827482435583966,-0.03618650484532313,-0.03467966310683249,-0.0366815730594331,-0.03368579685421886,-0.035275442729355067,-0.03639382577407523,-0.033325247523534184,-0.03861842301308831,-0.03574117077976736,-0.031367422735417816,-0.03433320120139122,
20071218,0.025649850122131612,-0.03190691665698634,-0.03245155883384356,-0.03284383524485141,-0.03302552264604121,-0.03728665880406427,-0.03419708114377431,-0.03546049308709406,-0.03360247088694309,-0.03329068797565578,-0.03353861625366854,-0.03553165573488874,-0.03470808038382624,-0.031043325346798375
20071219,,-0.03602400205090658,-0.033439922066014344,-0.033576111291343906,-0.030981750068170267,-0.03321180030478188,-0.03308455753256581,-0.03222595886488167,-0.03722368192467906,-0.03590904844864066,-0.028988801790468664,-0.035611241121160625,-0.036161162115014626,-0.03769709241841222
20071220,-0.03098199723605541,-0.03625109842175399,-0.037014873726225805,-0.032435905188386294,-0.028818787206680803,-0.03377473473058698,-0.031026905476695066,-0.03574051056336421,-0.030548739734444375,-0.03350062186260776,-0.03257919507118062,-0.03265667078642881,-0.034500090081206684,
20071221,-0.030969412019112023,-0.037191047580967265,-0.032166827207233024,-0.031173948927562197,-0.03439735987658806,-0.033516774156543,-0.034579451189322465,-0.034866120242787534,-0.03559596870818001,-0.03286749340829558,-0.03158893779608156,-0.030779853410921945,-0.031910192754320055,
20071224,0.005896018722140693,-0.033270477651935935,-0.03442149709291261,-0.03283809605442557,-0.006345356748632009,-0.03214573912262563,-0.03206848413993408,-0.030019253263827483,,,,,,
20071226,-0.034544643817338294,-0.033892300650734675,-0.03574173455097914,-0.03523253404309461,-0.052393943085077097,-0.036163485304368734,-0.037350593611973563,-0.03688386656865931,-0.03552269426389811,-0.03635033765882558,-0.035596431580669566,-0.03649479780901344,-0.036328152110197486,
20071227,-0.041975178041728706,-0.03625871979127136,-0.03614495655294287,-0.034658345029220876,-0.03789012387046938,-0.0399962036506493,-0.03767323250221428,-0.03854740403263621,-0.041345952527968924,-0.037241337813160996,-0.03854540456544084,-0.03826731089231992,-0.03904172986713686,
20071228,-0.03770934874237014,-0.03905980437036394,-0.03916662889562965,-0.041808479802008004,-0.04157984218706555,-0.03766101699366756,-0.03869136633695023,-0.03740053459790494,-0.044021634755755136,-0.042503076149026216,-0.03782579920931309,-0.045861250896846714,,
20071231,-0.04102716156973515,-0.03750864752278736,-0.04128352069240358,-0.038193646270937215,-0.04375296741572124,-0.04005169086763197,-0.04286730396409354,-0.041101042854579946,-0.044637211162074815,-0.0411993693674379,-0.03756883912975252,-0.04659915422897342,,
