,08:30,09:00,09:30,10:00,10:30,11:00,11:30,12:00,12:30,13:00,13:30,14:00,14:30,15:00
20070103,3,291.0,285.0,299.0,282.0,257.0,286.0,299.0,249.0,283.0,288.0,280.0,294.0,9.0
20070104,299,287.0,296.0,236.0,275.0,289.0,212.0,287.0,220.0,286.0,300.0,271.0,10.0,
20070105,0,294.0,244.0,277.0,278.0,274.0,289.0,289.0,297.0,290.0,277.0,294.0,288.0,10.0
20070108,296,293.0,273.0,270.0,300.0,298.0,274.0,294.0,271.0,277.0,287.0,283.0,7.0,
20070109,0,300.0,276.0,271.0,269.0,284.0,280.0,300.0,263.0,296.0,300.0,287.0,296.0,9.0
20070110,1,292.0,274.0,294.0,259.0,216.0,222.0,136.0,288.0,279.0,259.0,287.0,279.0,9.0
20070111,3,254.0,282.0,234.0,243.0,255.0,279.0,46.0,277.0,278.0,284.0,276.0,291.0,9.0
20070112,2,261.0,294.0,294.0,251.0,221.0,87.0,169.0,269.0,254.0,201.0,278.0,269.0,5.0
20070116,3,281.0,295.0,216.0,259.0,279.0,230.0,263.0,286.0,282.0,260.0,293.0,283.0,8.0
20070117,256,286.0,254.0,250.0,265.0,212.0,252.0,253.0,278.0,260.0,265.0,288.0,4.0,
20070118,5,272.0,289.0,281.0,217.0,183.0,269.0,268.0,233.0,260.0,233.0,273.0,293.0,
20070119,0,257.0,245.0,296.0,224.0,64.0,287.0,246.0,259.0,289.0,235.0,240.0,274.0,9.0
20070122,141,299.0,264.0,290.0,82.0,268.0,219.0,299.0,158.0,120.0,260.0,281.0,10.0,
20070123,204,179.0,236.0,217.0,200.0,209.0,257.0,110.0,202.0,229.0,9.0,,,
20070124,5,229.0,285.0,202.0,144.0,298.0,284.0,284.0,228.0,235.0,174.0,240.0,299.0,10.0
20070125,6,256.0,285.0,243.0,277.0,270.0,137.0,232.0,202.0,168.0,290.0,279.0,6.0,
20070126,7,254.0,256.0,213.0,296.0,180.0,243.0,164.0,294.0,222.0,250.0,226.0,257.0,9.0
20070129,5,280.0,199.0,279.0,128.0,85.0,286.0,277.0,267.0,248.0,237.0,285.0,249.0,10.0
20070130,7,300.0,238.0,256.0,240.0,191.0,159.0,299.0,224.0,239.0,279.0,216.0,293.0,5.0
20070131,6,267.0,296.0,294.0,152.0,274.0,285.0,209.0,124.0,245.0,249.0,242.0,300.0,10.0
20070201,0,238.0,178.0,269.0,272.0,287.0,264.0,276.0,223.0,260.0,290.0,170.0,59.0,10.0
20070202,6,244.0,118.0,204.0,226.0,272.0,260.0,188.0,291.0,187.0,190.0,224.0,280.0,10.0
20070205,6,288.0,265.0,288.0,169.0,122.0,275.0,181.0,220.0,266.0,287.0,202.0,141.0,10.0
20070206,4,294.0,238.0,226.0,239.0,189.0,255.0,238.0,288.0,273.0,189.0,288.0,106.0,10.0
20070207,6,248.0,299.0,175.0,197.0,287.0,273.0,266.0,266.0,201.0,251.0,278.0,197.0,10.0
20070208,6,279.0,103.0,240.0,75.0,91.0,239.0,300.0,283.0,153.0,110.0,110.0,215.0,7.0
20070209,6,271.0,198.0,294.0,195.0,186.0,197.0,161.0,213.0,223.0,300.0,263.0,272.0,10.0
20070212,5,261.0,233.0,256.0,286.0,113.0,235.0,287.0,204.0,263.0,232.0,261.0,169.0,10.0
20070213,6,133.0,243.0,240.0,45.0,37.0,182.0,261.0,128.0,173.0,137.0,94.0,59.0,10.0
20070214,7,172.0,148.0,283.0,100.0,152.0,166.0,153.0,135.0,121.0,225.0,255.0,280.0,9.0
20070215,4,200.0,262.0,252.0,190.0,268.0,238.0,233.0,259.0,295.0,9.0,284.0,57.0,6.0
20070216,7,266.0,296.0,155.0,168.0,273.0,61.0,56.0,92.0,272.0,48.0,10.0,,
20070220,263,253.0,268.0,242.0,268.0,228.0,15.0,264.0,194.0,175.0,278.0,244.0,5.0,
20070221,265,177.0,166.0,213.0,206.0,150.0,291.0,13.0,162.0,267.0,262.0,300.0,9.0,
20070222,285,231.0,290.0,279.0,277.0,264.0,265.0,262.0,187.0,293.0,293.0,247.0,10.0,
20070223,299,292.0,297.0,251.0,280.0,247.0,203.0,292.0,245.0,295.0,300.0,217.0,10.0,
20070226,208,193.0,246.0,287.0,294.0,270.0,270.0,267.0,240.0,297.0,297.0,271.0,9.0,
20070227,254,202.0,289.0,291.0,297.0,279.0,276.0,296.0,299.0,229.0,286.0,240.0,10.0,
20070228,295,260.0,252.0,259.0,289.0,277.0,291.0,292.0,282.0,296.0,284.0,293.0,10.0,
20070301,0,282.0,256.0,257.0,280.0,293.0,280.0,297.0,286.0,293.0,292.0,287.0,283.0,9.0
20070302,250,285.0,267.0,285.0,291.0,294.0,277.0,299.0,245.0,263.0,299.0,299.0,9.0,
20070305,286,289.0,292.0,284.0,287.0,299.0,269.0,294.0,285.0,298.0,296.0,285.0,9.0,
20070306,283,273.0,228.0,278.0,299.0,300.0,271.0,294.0,279.0,287.0,211.0,298.0,10.0,
20070307,281,287.0,291.0,295.0,210.0,298.0,210.0,281.0,271.0,284.0,227.0,296.0,10.0,
20070308,77,132.0,74.0,184.0,253.0,277.0,289.0,284.0,243.0,249.0,63.0,269.0,9.0,
20070309,63,122.0,279.0,278.0,282.0,101.0,245.0,210.0,47.0,38.0,180.0,256.0,7.0,
20070312,73,253.0,258.0,293.0,152.0,184.0,288.0,293.0,243.0,278.0,235.0,239.0,9.0,
20070313,281,251.0,150.0,183.0,250.0,46.0,295.0,143.0,46.0,50.0,74.0,79.0,10.0,
20070314,23,12.0,80.0,27.0,62.0,24.0,34.0,45.0,33.0,84.0,96.0,47.0,10.0,
20070315,42,24.0,240.0,264.0,32.0,116.0,123.0,280.0,39.0,197.0,184.0,52.0,10.0,
20070316,227,232.0,9.0,,,,,,,,,,,
20070319,56,87.0,113.0,112.0,48.0,9.0,,,,,,,,
20070320,48,166.0,80.0,84.0,169.0,95.0,280.0,6.0,,,,,,
20070321,8,290.0,41.0,146.0,21.0,291.0,174.0,167.0,65.0,10.0,,,,
20070322,165,254.0,70.0,216.0,160.0,245.0,281.0,296.0,256.0,276.0,252.0,279.0,9.0,
20070323,297,167.0,298.0,294.0,290.0,259.0,231.0,257.0,289.0,98.0,298.0,214.0,9.0,
20070326,2,78.0,160.0,139.0,10.0,,,,,,,,,
20070327,4,276.0,138.0,296.0,131.0,255.0,10.0,,,,,,,
20070328,228,272.0,113.0,191.0,10.0,,,,,,,,,
20070329,1,284.0,207.0,60.0,7.0,,,,,,,,,
20070330,290,245.0,280.0,299.0,294.0,203.0,280.0,251.0,293.0,296.0,232.0,267.0,9.0,
20070402,0,212.0,286.0,299.0,183.0,287.0,238.0,239.0,230.0,298.0,181.0,245.0,190.0,10.0
20070403,2,281.0,293.0,283.0,215.0,295.0,157.0,251.0,279.0,256.0,206.0,291.0,240.0,10.0
20070404,292,298.0,300.0,288.0,237.0,185.0,283.0,261.0,260.0,253.0,182.0,258.0,4.0,
20070405,0,300.0,258.0,246.0,269.0,286.0,185.0,204.0,289.0,230.0,281.0,296.0,297.0,10.0
20070409,4,293.0,280.0,292.0,289.0,149.0,293.0,103.0,270.0,279.0,123.0,273.0,287.0,9.0
20070410,6,253.0,250.0,241.0,290.0,274.0,212.0,293.0,266.0,261.0,246.0,291.0,184.0,10.0
20070411,7,252.0,297.0,299.0,298.0,288.0,300.0,245.0,274.0,293.0,265.0,247.0,243.0,10.0
20070412,7,289.0,202.0,153.0,238.0,286.0,77.0,151.0,142.0,178.0,6.0,,,
20070413,7,284.0,295.0,297.0,288.0,92.0,230.0,278.0,250.0,224.0,292.0,247.0,245.0,0.0
20070416,271,277.0,294.0,289.0,300.0,250.0,296.0,126.0,294.0,254.0,284.0,284.0,5.0,
20070417,293,256.0,293.0,164.0,252.0,246.0,268.0,300.0,269.0,296.0,213.0,252.0,2.0,
20070418,297,290.0,300.0,296.0,297.0,162.0,275.0,254.0,253.0,172.0,295.0,221.0,7.0,
20070419,253,291.0,296.0,279.0,288.0,260.0,93.0,160.0,257.0,227.0,178.0,234.0,10.0,
20070420,289,252.0,262.0,170.0,244.0,254.0,261.0,258.0,235.0,282.0,189.0,204.0,10.0,
20070423,220,272.0,297.0,260.0,270.0,264.0,297.0,256.0,295.0,262.0,290.0,247.0,2.0,
20070424,145,249.0,282.0,267.0,283.0,270.0,235.0,213.0,294.0,260.0,263.0,229.0,6.0,
20070425,213,277.0,287.0,285.0,288.0,287.0,265.0,277.0,211.0,243.0,267.0,282.0,8.0,
20070426,300,297.0,272.0,257.0,263.0,253.0,268.0,288.0,270.0,294.0,293.0,289.0,10.0,
20070427,294,297.0,279.0,232.0,241.0,244.0,291.0,291.0,279.0,258.0,288.0,297.0,10.0,
20070430,294,287.0,273.0,290.0,292.0,281.0,264.0,281.0,276.0,288.0,293.0,288.0,10.0,
20070501,0,194.0,217.0,293.0,296.0,243.0,286.0,245.0,297.0,290.0,284.0,274.0,297.0,10.0
20070502,278,291.0,295.0,240.0,272.0,279.0,297.0,283.0,255.0,274.0,288.0,285.0,9.0,
20070503,222,272.0,288.0,299.0,278.0,267.0,295.0,283.0,245.0,217.0,293.0,276.0,10.0,
20070504,294,299.0,277.0,243.0,296.0,297.0,280.0,278.0,291.0,271.0,277.0,293.0,10.0,
20070507,286,196.0,286.0,263.0,280.0,286.0,276.0,266.0,292.0,277.0,283.0,298.0,9.0,
20070508,279,290.0,280.0,270.0,233.0,283.0,276.0,274.0,297.0,286.0,298.0,298.0,10.0,
20070509,288,281.0,286.0,298.0,296.0,300.0,300.0,299.0,300.0,278.0,292.0,286.0,10.0,
20070510,300,257.0,297.0,250.0,293.0,285.0,294.0,298.0,295.0,262.0,252.0,249.0,10.0,
20070511,272,273.0,297.0,272.0,291.0,267.0,234.0,282.0,166.0,245.0,265.0,298.0,10.0,
20070514,258,231.0,282.0,223.0,291.0,290.0,241.0,282.0,291.0,222.0,298.0,290.0,3.0,
20070515,0,254.0,298.0,290.0,239.0,244.0,262.0,258.0,296.0,282.0,199.0,267.0,292.0,7.0
20070516,296,294.0,241.0,246.0,271.0,198.0,185.0,214.0,274.0,218.0,164.0,165.0,7.0,
20070517,247,277.0,285.0,239.0,241.0,193.0,228.0,283.0,240.0,246.0,201.0,271.0,10.0,
20070518,195,267.0,286.0,295.0,285.0,268.0,276.0,290.0,267.0,296.0,218.0,277.0,10.0,
20070521,5,217.0,274.0,216.0,257.0,109.0,233.0,270.0,256.0,179.0,190.0,296.0,279.0,7.0
20070522,6,272.0,216.0,166.0,160.0,183.0,289.0,89.0,206.0,237.0,71.0,214.0,173.0,7.0
20070523,159,229.0,281.0,263.0,237.0,165.0,284.0,186.0,276.0,186.0,131.0,300.0,10.0,
20070524,5,270.0,271.0,118.0,37.0,83.0,294.0,235.0,300.0,239.0,112.0,227.0,7.0,
20070525,5,296.0,201.0,197.0,300.0,216.0,260.0,182.0,177.0,266.0,295.0,230.0,211.0,10.0
20070529,6,217.0,254.0,300.0,274.0,260.0,211.0,300.0,151.0,247.0,282.0,243.0,263.0,9.0
20070530,4,221.0,272.0,271.0,192.0,173.0,278.0,294.0,144.0,285.0,270.0,258.0,294.0,10.0
20070531,7,231.0,259.0,186.0,255.0,259.0,285.0,257.0,182.0,173.0,293.0,297.0,217.0,9.0
20070601,7,198.0,162.0,260.0,197.0,292.0,179.0,238.0,155.0,261.0,238.0,273.0,248.0,10.0
20070604,270,288.0,295.0,293.0,259.0,246.0,250.0,235.0,178.0,260.0,266.0,160.0,9.0,
20070605,4,275.0,276.0,282.0,250.0,178.0,183.0,299.0,135.0,289.0,228.0,159.0,299.0,10.0
20070606,5,193.0,190.0,299.0,193.0,278.0,245.0,294.0,247.0,277.0,151.0,276.0,263.0,9.0
20070607,100,123.0,300.0,279.0,292.0,140.0,10.0,,,,,,,
20070608,8,42.0,90.0,161.0,195.0,184.0,149.0,47.0,267.0,159.0,99.0,61.0,277.0,7.0
20070611,6,118.0,193.0,150.0,253.0,264.0,251.0,201.0,118.0,175.0,185.0,165.0,291.0,6.0
20070612,72,233.0,284.0,178.0,297.0,133.0,274.0,208.0,89.0,80.0,82.0,98.0,10.0,
20070613,6,55.0,193.0,217.0,160.0,136.0,184.0,112.0,159.0,204.0,34.0,49.0,140.0,8.0
20070614,6,96.0,270.0,160.0,283.0,170.0,264.0,142.0,153.0,294.0,271.0,276.0,124.0,10.0
20070615,6,194.0,252.0,257.0,246.0,101.0,153.0,298.0,225.0,295.0,300.0,219.0,5.0,
20070618,6,250.0,144.0,236.0,253.0,221.0,294.0,180.0,203.0,226.0,128.0,270.0,276.0,9.0
20070619,5,241.0,278.0,159.0,217.0,170.0,251.0,299.0,226.0,32.0,279.0,261.0,152.0,10.0
20070620,6,236.0,185.0,226.0,263.0,92.0,101.0,240.0,114.0,188.0,127.0,10.0,,
20070621,240,211.0,183.0,165.0,169.0,150.0,54.0,245.0,139.0,199.0,10.0,,,
20070622,7,210.0,147.0,266.0,279.0,280.0,80.0,115.0,59.0,86.0,92.0,79.0,83.0,10.0
20070625,162,98.0,200.0,136.0,105.0,120.0,110.0,243.0,44.0,148.0,68.0,150.0,10.0,
20070626,6,94.0,48.0,33.0,288.0,175.0,162.0,113.0,201.0,235.0,85.0,67.0,38.0,10.0
20070627,6,65.0,79.0,57.0,263.0,21.0,123.0,180.0,149.0,173.0,286.0,193.0,89.0,10.0
20070628,6,186.0,101.0,63.0,252.0,64.0,213.0,295.0,184.0,130.0,129.0,60.0,198.0,10.0
20070629,7,252.0,278.0,231.0,278.0,281.0,221.0,238.0,289.0,258.0,208.0,216.0,294.0,10.0
20070702,7,258.0,174.0,160.0,173.0,205.0,231.0,250.0,200.0,279.0,198.0,292.0,261.0,10.0
20070703,5,232.0,238.0,296.0,234.0,275.0,295.0,214.0,,,,,,
20070705,3,299.0,263.0,179.0,273.0,141.0,265.0,202.0,249.0,198.0,258.0,282.0,292.0,10.0
20070706,5,109.0,248.0,211.0,249.0,294.0,148.0,274.0,249.0,197.0,296.0,163.0,163.0,10.0
20070709,7,140.0,189.0,261.0,138.0,294.0,197.0,268.0,193.0,281.0,290.0,218.0,239.0,10.0
20070710,3,162.0,215.0,132.0,266.0,194.0,266.0,284.0,299.0,236.0,273.0,94.0,213.0,10.0
20070711,7,257.0,291.0,273.0,170.0,158.0,265.0,247.0,189.0,266.0,296.0,244.0,287.0,7.0
20070712,7,197.0,246.0,202.0,298.0,166.0,171.0,173.0,168.0,269.0,163.0,266.0,159.0,10.0
20070713,5,137.0,93.0,183.0,201.0,220.0,98.0,297.0,173.0,259.0,176.0,163.0,300.0,10.0
20070716,205,286.0,198.0,264.0,240.0,282.0,117.0,230.0,123.0,51.0,117.0,210.0,10.0,
20070717,6,231.0,248.0,283.0,132.0,276.0,216.0,208.0,247.0,57.0,132.0,160.0,230.0,10.0
20070718,1,81.0,185.0,87.0,60.0,202.0,154.0,186.0,87.0,107.0,156.0,95.0,106.0,10.0
20070719,7,265.0,274.0,300.0,158.0,274.0,277.0,230.0,217.0,237.0,145.0,222.0,280.0,10.0
20070720,4,,,,,,,,,,,,,
20070723,0,194.0,291.0,220.0,9.0,,,,,,,,,
20070724,10,,,,,,,,,,,,,
20070725,10,,,,,,,,,,,,,
20070726,10,,,,,,,,,,,,,
20070727,267,273.0,293.0,300.0,270.0,290.0,291.0,293.0,296.0,292.0,280.0,300.0,10.0,
20070730,288,278.0,275.0,257.0,292.0,264.0,289.0,257.0,288.0,290.0,271.0,263.0,10.0,
20070731,212,258.0,300.0,177.0,273.0,296.0,300.0,276.0,274.0,290.0,266.0,265.0,10.0,
20070801,0,244.0,289.0,185.0,284.0,273.0,280.0,251.0,285.0,296.0,297.0,147.0,296.0,10.0
20070802,255,297.0,218.0,293.0,211.0,281.0,241.0,296.0,288.0,288.0,284.0,259.0,10.0,
20070803,260,297.0,120.0,274.0,217.0,256.0,266.0,293.0,163.0,243.0,263.0,291.0,10.0,
20070806,296,290.0,298.0,293.0,252.0,300.0,300.0,194.0,288.0,277.0,291.0,267.0,10.0,
20070807,255,295.0,210.0,287.0,298.0,244.0,290.0,271.0,300.0,261.0,260.0,293.0,9.0,
20070808,294,300.0,291.0,270.0,277.0,184.0,231.0,250.0,229.0,299.0,252.0,269.0,10.0,
20070809,10,,,,,,,,,,,,,
20070810,40,43.0,44.0,40.0,79.0,116.0,49.0,64.0,121.0,52.0,57.0,36.0,10.0,
20070813,140,229.0,151.0,88.0,113.0,198.0,231.0,269.0,248.0,275.0,202.0,45.0,10.0,
20070814,134,122.0,146.0,156.0,31.0,160.0,35.0,208.0,107.0,160.0,108.0,67.0,10.0,
20070815,106,96.0,114.0,160.0,76.0,99.0,129.0,83.0,182.0,112.0,96.0,54.0,10.0,
20070816,0,46.0,58.0,122.0,39.0,36.0,82.0,50.0,74.0,81.0,20.0,64.0,57.0,10.0
20070817,262,286.0,206.0,296.0,295.0,268.0,253.0,266.0,295.0,262.0,10.0,,,
20070820,296,263.0,241.0,28.0,57.0,46.0,285.0,261.0,168.0,51.0,53.0,6.0,,
20070821,56,27.0,291.0,56.0,251.0,95.0,293.0,242.0,269.0,270.0,289.0,241.0,7.0,
20070822,277,237.0,225.0,287.0,258.0,287.0,225.0,107.0,260.0,268.0,278.0,295.0,9.0,
20070823,274,287.0,286.0,295.0,292.0,290.0,291.0,185.0,284.0,256.0,214.0,198.0,4.0,
20070824,291,166.0,279.0,219.0,203.0,249.0,248.0,292.0,136.0,197.0,189.0,124.0,10.0,
20070827,186,274.0,255.0,295.0,282.0,198.0,296.0,254.0,275.0,285.0,272.0,178.0,10.0,
20070828,116,112.0,228.0,104.0,232.0,255.0,235.0,151.0,130.0,190.0,108.0,280.0,9.0,
20070829,113,254.0,121.0,199.0,247.0,292.0,286.0,283.0,280.0,297.0,241.0,281.0,10.0,
20070830,245,106.0,76.0,288.0,293.0,86.0,271.0,290.0,275.0,251.0,65.0,240.0,10.0,
20070831,284,292.0,299.0,254.0,195.0,281.0,275.0,265.0,245.0,260.0,270.0,224.0,9.0,
20070904,0,297.0,279.0,298.0,193.0,260.0,300.0,294.0,273.0,285.0,280.0,261.0,239.0,10.0
20070905,266,270.0,271.0,288.0,209.0,266.0,293.0,288.0,296.0,270.0,210.0,272.0,10.0,
20070906,275,262.0,262.0,277.0,267.0,294.0,297.0,269.0,270.0,296.0,232.0,283.0,10.0,
20070907,3,279.0,266.0,285.0,298.0,229.0,237.0,299.0,288.0,297.0,297.0,299.0,296.0,10.0
20070910,285,294.0,295.0,276.0,283.0,244.0,286.0,214.0,233.0,299.0,286.0,284.0,10.0,
20070911,260,169.0,290.0,279.0,299.0,294.0,291.0,218.0,298.0,201.0,260.0,293.0,10.0,
20070912,279,286.0,300.0,288.0,169.0,245.0,267.0,300.0,300.0,249.0,254.0,263.0,10.0,
20070913,148,79.0,171.0,120.0,133.0,87.0,149.0,169.0,237.0,134.0,163.0,127.0,8.0,
20070914,106,120.0,130.0,122.0,58.0,200.0,69.0,110.0,116.0,159.0,67.0,92.0,10.0,
20070917,67,74.0,105.0,151.0,68.0,66.0,71.0,238.0,131.0,84.0,120.0,127.0,10.0,
20070918,137,74.0,131.0,247.0,170.0,125.0,192.0,246.0,129.0,60.0,69.0,86.0,10.0,
20070919,205,219.0,273.0,179.0,258.0,48.0,105.0,202.0,95.0,83.0,121.0,108.0,5.0,
20070920,149,131.0,135.0,108.0,87.0,64.0,155.0,98.0,90.0,143.0,231.0,96.0,10.0,
20070921,282,153.0,253.0,184.0,299.0,296.0,273.0,256.0,280.0,190.0,285.0,215.0,10.0,
20070924,110,168.0,63.0,232.0,196.0,210.0,236.0,232.0,167.0,112.0,208.0,265.0,6.0,
20070925,244,267.0,291.0,269.0,116.0,216.0,235.0,237.0,290.0,264.0,257.0,142.0,8.0,
20070926,287,298.0,269.0,275.0,250.0,255.0,288.0,225.0,283.0,210.0,224.0,280.0,7.0,
20070927,241,273.0,184.0,183.0,255.0,280.0,278.0,253.0,123.0,276.0,240.0,273.0,9.0,
20070928,251,267.0,282.0,274.0,248.0,201.0,214.0,10.0,,,,,,
20071001,0,226.0,148.0,277.0,138.0,196.0,220.0,146.0,160.0,212.0,9.0,,,
20071002,5,176.0,276.0,298.0,238.0,287.0,190.0,215.0,256.0,274.0,99.0,237.0,7.0,
20071003,4,159.0,213.0,294.0,238.0,160.0,124.0,295.0,282.0,216.0,265.0,283.0,9.0,
20071004,2,196.0,232.0,253.0,276.0,236.0,259.0,134.0,213.0,235.0,273.0,243.0,10.0,
20071005,1,282.0,193.0,130.0,273.0,274.0,284.0,228.0,226.0,208.0,7.0,,,
20071008,269,259.0,217.0,269.0,293.0,230.0,259.0,286.0,194.0,279.0,296.0,10.0,,
20071009,2,243.0,257.0,279.0,256.0,10.0,227.0,135.0,187.0,281.0,230.0,9.0,,
20071010,175,284.0,228.0,235.0,296.0,272.0,294.0,273.0,291.0,182.0,272.0,213.0,8.0,
20071011,274,189.0,226.0,152.0,247.0,219.0,80.0,265.0,216.0,7.0,,,,
20071012,155,179.0,251.0,139.0,251.0,160.0,221.0,159.0,171.0,262.0,286.0,226.0,10.0,
20071015,267,162.0,282.0,240.0,242.0,264.0,247.0,271.0,282.0,200.0,287.0,129.0,10.0,
20071016,0,281.0,279.0,276.0,283.0,118.0,130.0,209.0,250.0,180.0,147.0,236.0,238.0,9.0
20071017,168,54.0,212.0,107.0,282.0,138.0,156.0,69.0,146.0,59.0,64.0,145.0,6.0,
20071018,253,162.0,287.0,163.0,254.0,263.0,230.0,263.0,152.0,292.0,296.0,203.0,7.0,
20071019,0,239.0,238.0,194.0,250.0,212.0,220.0,6.0,,,,,,
20071022,285,80.0,25.0,219.0,272.0,39.0,93.0,279.0,20.0,8.0,,,,
20071023,228,265.0,237.0,250.0,271.0,280.0,279.0,296.0,292.0,242.0,9.0,,,
20071024,256,43.0,9.0,60.0,61.0,263.0,255.0,48.0,10.0,,,,,
20071025,164,200.0,196.0,9.0,,,,,,,,,,
20071026,278,290.0,279.0,119.0,248.0,235.0,263.0,261.0,256.0,241.0,9.0,,,
20071029,243,291.0,285.0,181.0,246.0,251.0,269.0,10.0,,,,,,
20071030,240,261.0,281.0,281.0,282.0,255.0,258.0,191.0,290.0,277.0,202.0,272.0,9.0,
20071031,1,204.0,221.0,259.0,216.0,278.0,272.0,218.0,179.0,264.0,263.0,237.0,254.0,10.0
20071101,0,298.0,213.0,290.0,259.0,285.0,269.0,255.0,266.0,187.0,292.0,7.0,,
20071102,115,220.0,260.0,242.0,10.0,,,,,,,,,
20071105,146,125.0,244.0,184.0,275.0,289.0,153.0,44.0,7.0,,,,,
20071106,214,239.0,292.0,273.0,286.0,14.0,294.0,280.0,7.0,,,,,
20071107,5,,,,,,,,,,,,,
20071108,5,,,,,,,,,,,,,
20071109,187,128.0,268.0,190.0,277.0,203.0,210.0,247.0,267.0,266.0,299.0,210.0,10.0,
20071112,2,288.0,269.0,276.0,206.0,221.0,194.0,266.0,272.0,298.0,187.0,285.0,227.0,6.0
20071113,1,291.0,174.0,261.0,268.0,252.0,278.0,203.0,255.0,276.0,218.0,275.0,252.0,7.0
20071114,247,267.0,260.0,281.0,218.0,294.0,204.0,222.0,231.0,250.0,291.0,286.0,8.0,
20071115,249,199.0,208.0,258.0,237.0,226.0,250.0,200.0,291.0,298.0,235.0,228.0,10.0,
20071116,294,245.0,288.0,184.0,276.0,9.0,,,,,,,,
20071119,206,291.0,46.0,252.0,4.0,,,,,,,,,
20071120,88,287.0,281.0,283.0,98.0,10.0,,,,,,,,
20071121,89,81.0,82.0,9.0,,,,,,,,,,
20071123,2,293.0,266.0,255.0,278.0,234.0,267.0,168.0,,,,,,
20071126,283,275.0,296.0,297.0,286.0,297.0,198.0,292.0,243.0,294.0,253.0,28.0,9.0,
20071127,285,286.0,190.0,237.0,290.0,9.0,,,,,,,,
20071128,145,280.0,245.0,279.0,299.0,289.0,250.0,195.0,224.0,283.0,277.0,285.0,9.0,
20071129,237,184.0,265.0,284.0,249.0,286.0,279.0,283.0,292.0,260.0,243.0,250.0,9.0,
20071130,2,244.0,55.0,134.0,292.0,9.0,,,,,,,,
20071203,0,286.0,80.0,57.0,224.0,220.0,266.0,185.0,257.0,138.0,264.0,280.0,9.0,
20071204,3,80.0,171.0,145.0,215.0,283.0,254.0,270.0,268.0,176.0,253.0,170.0,4.0,
20071205,193,270.0,235.0,227.0,295.0,218.0,210.0,256.0,280.0,123.0,249.0,248.0,10.0,
20071206,177,252.0,237.0,291.0,279.0,269.0,283.0,239.0,257.0,212.0,287.0,264.0,7.0,
20071207,191,241.0,143.0,266.0,157.0,260.0,249.0,268.0,273.0,297.0,7.0,,,
20071210,0,165.0,291.0,251.0,254.0,263.0,294.0,248.0,252.0,288.0,286.0,224.0,209.0,9.0
20071211,268,259.0,245.0,159.0,289.0,265.0,294.0,286.0,247.0,10.0,,,,
20071212,198,260.0,170.0,274.0,284.0,89.0,242.0,177.0,9.0,,,,,
20071213,264,146.0,258.0,285.0,237.0,5.0,,,,,,,,
20071214,287,180.0,133.0,209.0,154.0,151.0,184.0,240.0,239.0,99.0,177.0,102.0,6.0,
20071217,62,157.0,187.0,276.0,189.0,249.0,179.0,207.0,56.0,224.0,137.0,185.0,10.0,
20071218,5,271.0,275.0,204.0,168.0,81.0,119.0,224.0,250.0,207.0,263.0,234.0,142.0,7.0
20071219,0,172.0,262.0,287.0,208.0,87.0,180.0,207.0,146.0,95.0,141.0,257.0,285.0,10.0
20071220,228,282.0,26.0,262.0,255.0,231.0,247.0,256.0,209.0,62.0,289.0,81.0,9.0,
20071221,285,276.0,260.0,290.0,218.0,295.0,211.0,261.0,300.0,132.0,292.0,264.0,8.0,
20071224,4,259.0,162.0,151.0,290.0,270.0,279.0,158.0,,,,,,
20071226,283,215.0,264.0,188.0,300.0,288.0,247.0,282.0,24.0,118.0,174.0,192.0,10.0,
20071227,69,265.0,228.0,216.0,167.0,39.0,208.0,281.0,133.0,226.0,110.0,100.0,10.0,
20071228,284,271.0,268.0,46.0,41.0,288.0,83.0,228.0,274.0,296.0,107.0,10.0,,
20071231,149,233.0,46.0,247.0,0.0,189.0,128.0,171.0,139.0,280.0,125.0,10.0,,
