,08:30,09:00,09:30,10:00,10:30,11:00,11:30,12:00,12:30,13:00,13:30,14:00,14:30,15:00
20070103,400,140.0,364.0,383.0,368.0,377.0,380.0,381.0,310.0,302.0,322.0,306.0,193.0,286.0
20070104,210,269.0,297.0,391.0,356.0,392.0,393.0,317.0,360.0,333.0,329.0,360.0,136.0,
20070105,46,266.0,341.0,331.0,250.0,383.0,398.0,333.0,348.0,388.0,354.0,293.0,326.0,374.0
20070108,224,311.0,249.0,336.0,384.0,348.0,338.0,383.0,339.0,358.0,339.0,370.0,131.0,
20070109,60,292.0,331.0,382.0,298.0,350.0,323.0,387.0,377.0,341.0,335.0,335.0,318.0,179.0
20070110,274,283.0,305.0,368.0,380.0,364.0,302.0,375.0,312.0,378.0,349.0,342.0,368.0,167.0
20070111,163,53.0,90.0,158.0,156.0,265.0,208.0,213.0,166.0,106.0,175.0,217.0,140.0,269.0
20070112,298,63.0,210.0,162.0,169.0,303.0,186.0,150.0,241.0,249.0,254.0,152.0,236.0,274.0
20070116,258,157.0,154.0,204.0,184.0,177.0,218.0,279.0,290.0,246.0,223.0,242.0,272.0,318.0
20070117,85,109.0,230.0,200.0,157.0,288.0,269.0,281.0,107.0,165.0,288.0,232.0,128.0,
20070118,254,64.0,145.0,173.0,266.0,163.0,262.0,254.0,297.0,206.0,174.0,303.0,245.0,
20070119,40,60.0,122.0,63.0,130.0,142.0,232.0,125.0,157.0,286.0,43.0,270.0,306.0,117.0
20070122,67,76.0,78.0,68.0,65.0,68.0,60.0,60.0,48.0,25.0,64.0,55.0,323.0,
20070123,84,76.0,57.0,63.0,61.0,56.0,64.0,69.0,72.0,61.0,319.0,,,
20070124,306,84.0,54.0,77.0,52.0,74.0,68.0,69.0,70.0,84.0,77.0,60.0,63.0,335.0
20070125,400,60.0,80.0,72.0,66.0,56.0,80.0,64.0,52.0,84.0,78.0,84.0,283.0,
20070126,358,119.0,119.0,112.0,116.0,110.0,96.0,107.0,108.0,105.0,76.0,95.0,94.0,359.0
20070129,400,108.0,112.0,89.0,81.0,90.0,94.0,85.0,80.0,109.0,108.0,110.0,108.0,292.0
20070130,319,111.0,106.0,88.0,94.0,90.0,80.0,82.0,84.0,80.0,85.0,84.0,86.0,312.0
20070131,316,94.0,94.0,94.0,79.0,99.0,91.0,76.0,80.0,86.0,97.0,80.0,81.0,321.0
20070201,0,84.0,69.0,77.0,80.0,79.0,76.0,65.0,62.0,63.0,76.0,76.0,62.0,357.0
20070202,315,90.0,68.0,69.0,60.0,69.0,68.0,74.0,68.0,80.0,77.0,81.0,77.0,325.0
20070205,400,88.0,80.0,86.0,84.0,73.0,122.0,78.0,80.0,66.0,68.0,78.0,57.0,313.0
20070206,312,80.0,76.0,75.0,82.0,82.0,77.0,76.0,63.0,80.0,72.0,81.0,72.0,334.0
20070207,342,78.0,72.0,60.0,53.0,60.0,58.0,69.0,65.0,68.0,61.0,72.0,71.0,325.0
20070208,246,64.0,56.0,64.0,56.0,56.0,48.0,62.0,56.0,44.0,56.0,60.0,50.0,236.0
20070209,248,54.0,56.0,58.0,48.0,56.0,60.0,64.0,48.0,64.0,73.0,80.0,64.0,269.0
20070212,255,76.0,60.0,69.0,64.0,66.0,68.0,82.0,66.0,60.0,73.0,64.0,62.0,260.0
20070213,266,55.0,56.0,64.0,56.0,48.0,57.0,59.0,60.0,60.0,60.0,60.0,44.0,242.0
20070214,274,76.0,60.0,65.0,52.0,48.0,52.0,60.0,44.0,52.0,52.0,44.0,74.0,279.0
20070215,290,68.0,60.0,68.0,58.0,66.0,52.0,60.0,60.0,44.0,48.0,56.0,48.0,239.0
20070216,400,68.0,44.0,67.0,48.0,57.0,48.0,55.0,56.0,50.0,57.0,313.0,,
20070220,72,173.0,55.0,56.0,312.0,144.0,52.0,281.0,199.0,155.0,211.0,191.0,3.0,
20070221,253,245.0,238.0,235.0,264.0,294.0,209.0,192.0,252.0,228.0,221.0,236.0,263.0,
20070222,215,235.0,230.0,251.0,254.0,227.0,243.0,237.0,285.0,228.0,264.0,245.0,282.0,
20070223,259,251.0,260.0,253.0,236.0,262.0,254.0,223.0,297.0,258.0,253.0,259.0,352.0,
20070226,276,256.0,338.0,278.0,257.0,258.0,277.0,259.0,280.0,243.0,279.0,327.0,314.0,
20070227,303,306.0,299.0,278.0,293.0,294.0,288.0,336.0,311.0,308.0,327.0,324.0,371.0,
20070228,323,302.0,326.0,330.0,314.0,370.0,369.0,367.0,304.0,355.0,373.0,397.0,398.0,
20070301,0,340.0,336.0,330.0,331.0,352.0,380.0,387.0,370.0,352.0,368.0,361.0,322.0,15.0
20070302,338,367.0,361.0,383.0,395.0,335.0,379.0,352.0,349.0,357.0,353.0,380.0,399.0,
20070305,348,340.0,336.0,350.0,341.0,384.0,354.0,372.0,339.0,372.0,368.0,355.0,398.0,
20070306,349,344.0,353.0,386.0,369.0,379.0,372.0,400.0,388.0,375.0,382.0,371.0,6.0,
20070307,375,338.0,361.0,360.0,396.0,360.0,385.0,391.0,373.0,391.0,366.0,348.0,400.0,
20070308,96,85.0,48.0,192.0,265.0,204.0,168.0,212.0,174.0,126.0,81.0,177.0,268.0,
20070309,48,65.0,192.0,177.0,204.0,192.0,188.0,158.0,48.0,96.0,134.0,230.0,280.0,
20070312,76,176.0,152.0,174.0,263.0,190.0,179.0,163.0,200.0,174.0,156.0,195.0,302.0,
20070313,145,213.0,185.0,187.0,166.0,48.0,171.0,96.0,48.0,54.0,96.0,62.0,276.0,
20070314,48,48.0,48.0,48.0,96.0,48.0,48.0,48.0,48.0,48.0,141.0,48.0,283.0,
20070315,48,48.0,198.0,175.0,48.0,221.0,151.0,236.0,89.0,136.0,91.0,48.0,268.0,
20070316,86,48.0,197.0,,,,,,,,,,,
20070319,44,48.0,34.0,48.0,48.0,98.0,,,,,,,,
20070320,8,48.0,48.0,101.0,48.0,48.0,47.0,66.0,,,,,,
20070321,239,149.0,136.0,134.0,105.0,206.0,48.0,157.0,95.0,187.0,,,,
20070322,48,122.0,7.0,150.0,121.0,145.0,165.0,210.0,182.0,179.0,165.0,166.0,244.0,
20070323,189,170.0,174.0,203.0,211.0,219.0,210.0,192.0,210.0,212.0,220.0,214.0,171.0,
20070326,261,48.0,62.0,48.0,272.0,,,,,,,,,
20070327,288,180.0,48.0,158.0,41.0,48.0,282.0,,,,,,,
20070328,182,185.0,48.0,103.0,174.0,,,,,,,,,
20070329,36,47.0,48.0,5.0,175.0,,,,,,,,,
20070330,209,205.0,204.0,211.0,212.0,241.0,249.0,237.0,256.0,260.0,217.0,246.0,186.0,
20070402,0,311.0,309.0,294.0,304.0,287.0,298.0,298.0,284.0,296.0,279.0,298.0,292.0,142.0
20070403,319,308.0,292.0,286.0,280.0,255.0,272.0,280.0,266.0,281.0,283.0,280.0,281.0,232.0
20070404,295,273.0,288.0,273.0,270.0,266.0,266.0,258.0,272.0,260.0,263.0,260.0,217.0,
20070405,164,282.0,284.0,278.0,280.0,298.0,244.0,254.0,282.0,270.0,273.0,278.0,278.0,233.0
20070409,299,266.0,280.0,276.0,280.0,276.0,271.0,268.0,270.0,286.0,284.0,280.0,263.0,228.0
20070410,209,286.0,272.0,278.0,282.0,278.0,288.0,277.0,267.0,263.0,281.0,279.0,278.0,202.0
20070411,392,283.0,275.0,281.0,276.0,260.0,266.0,268.0,269.0,284.0,285.0,286.0,275.0,204.0
20070412,292,106.0,122.0,133.0,61.0,170.0,117.0,157.0,92.0,125.0,175.0,,,
20070413,307,262.0,259.0,263.0,260.0,244.0,248.0,248.0,233.0,256.0,255.0,252.0,243.0,35.0
20070416,256,250.0,220.0,252.0,250.0,254.0,252.0,208.0,260.0,255.0,247.0,236.0,119.0,
20070417,248,243.0,248.0,235.0,244.0,240.0,239.0,231.0,248.0,243.0,244.0,241.0,2.0,
20070418,253,248.0,244.0,244.0,241.0,232.0,241.0,240.0,229.0,232.0,241.0,246.0,166.0,
20070419,260,248.0,245.0,244.0,246.0,247.0,244.0,222.0,235.0,247.0,244.0,240.0,314.0,
20070420,246,246.0,246.0,240.0,240.0,240.0,211.0,244.0,241.0,232.0,231.0,220.0,276.0,
20070423,240,266.0,338.0,286.0,351.0,341.0,371.0,371.0,240.0,311.0,328.0,315.0,131.0,
20070424,36,207.0,243.0,242.0,316.0,278.0,344.0,333.0,339.0,343.0,352.0,334.0,298.0,
20070425,219,240.0,282.0,335.0,299.0,367.0,362.0,348.0,241.0,319.0,313.0,313.0,166.0,
20070426,267,335.0,313.0,333.0,339.0,348.0,370.0,328.0,343.0,325.0,368.0,385.0,370.0,
20070427,282,298.0,388.0,359.0,375.0,392.0,370.0,353.0,382.0,391.0,392.0,391.0,357.0,
20070430,331,380.0,362.0,377.0,386.0,360.0,381.0,377.0,378.0,388.0,348.0,353.0,264.0,
20070501,0,276.0,312.0,354.0,348.0,364.0,381.0,324.0,354.0,368.0,364.0,371.0,371.0,350.0
20070502,271,387.0,384.0,394.0,365.0,391.0,380.0,384.0,387.0,391.0,381.0,394.0,240.0,
20070503,272,337.0,368.0,359.0,337.0,354.0,380.0,386.0,378.0,376.0,360.0,351.0,271.0,
20070504,354,376.0,391.0,387.0,380.0,322.0,378.0,386.0,355.0,387.0,372.0,399.0,281.0,
20070507,353,376.0,385.0,395.0,384.0,395.0,393.0,399.0,390.0,392.0,391.0,128.0,16.0,
20070508,292,371.0,381.0,375.0,368.0,378.0,384.0,365.0,392.0,396.0,394.0,397.0,230.0,
20070509,387,376.0,375.0,388.0,225.0,379.0,395.0,392.0,398.0,286.0,358.0,351.0,283.0,
20070510,188,143.0,168.0,171.0,126.0,180.0,239.0,193.0,258.0,191.0,204.0,163.0,267.0,
20070511,272,266.0,248.0,224.0,187.0,289.0,249.0,268.0,229.0,240.0,256.0,253.0,260.0,
20070514,254,225.0,220.0,252.0,266.0,258.0,226.0,239.0,280.0,272.0,255.0,270.0,135.0,
20070515,14,280.0,223.0,273.0,227.0,197.0,204.0,271.0,232.0,255.0,262.0,275.0,241.0,267.0
20070516,263,279.0,277.0,272.0,274.0,214.0,274.0,242.0,253.0,262.0,201.0,268.0,100.0,
20070517,296,240.0,283.0,261.0,293.0,325.0,235.0,230.0,227.0,262.0,248.0,240.0,255.0,
20070518,92,291.0,245.0,288.0,366.0,293.0,292.0,349.0,332.0,208.0,184.0,265.0,363.0,
20070521,190,277.0,271.0,291.0,282.0,266.0,320.0,307.0,296.0,267.0,284.0,269.0,180.0,330.0
20070522,400,257.0,252.0,314.0,336.0,328.0,327.0,327.0,336.0,332.0,292.0,297.0,340.0,349.0
20070523,301,304.0,336.0,341.0,342.0,340.0,327.0,312.0,267.0,201.0,201.0,187.0,332.0,
20070524,216,26.0,317.0,23.0,52.0,160.0,192.0,233.0,306.0,281.0,178.0,25.0,328.0,
20070525,353,377.0,367.0,370.0,363.0,359.0,380.0,380.0,359.0,377.0,365.0,376.0,374.0,354.0
20070529,323,368.0,376.0,360.0,357.0,373.0,366.0,361.0,366.0,372.0,376.0,369.0,357.0,361.0
20070530,289,376.0,365.0,362.0,367.0,362.0,362.0,367.0,343.0,382.0,371.0,371.0,362.0,348.0
20070531,335,366.0,353.0,361.0,360.0,333.0,348.0,340.0,353.0,358.0,355.0,353.0,364.0,346.0
20070601,272,367.0,376.0,368.0,357.0,367.0,364.0,352.0,361.0,354.0,358.0,345.0,316.0,348.0
20070604,360,368.0,347.0,334.0,356.0,352.0,339.0,364.0,358.0,372.0,368.0,344.0,344.0,
20070605,400,378.0,367.0,368.0,368.0,368.0,375.0,359.0,350.0,368.0,380.0,352.0,369.0,346.0
20070606,274,372.0,380.0,376.0,376.0,376.0,372.0,378.0,364.0,372.0,376.0,376.0,380.0,340.0
20070607,48,96.0,48.0,92.0,30.0,48.0,275.0,,,,,,,
20070608,239,73.0,96.0,96.0,96.0,96.0,96.0,96.0,96.0,94.0,96.0,96.0,96.0,248.0
20070611,262,96.0,96.0,96.0,96.0,93.0,106.0,92.0,73.0,94.0,96.0,94.0,122.0,240.0
20070612,96,96.0,96.0,96.0,94.0,96.0,96.0,96.0,96.0,96.0,96.0,96.0,263.0,
20070613,289,96.0,92.0,96.0,96.0,96.0,96.0,96.0,96.0,96.0,96.0,96.0,96.0,264.0
20070614,290,96.0,96.0,96.0,96.0,96.0,111.0,197.0,92.0,96.0,153.0,92.0,96.0,268.0
20070615,372,40.0,101.0,231.0,127.0,221.0,215.0,228.0,185.0,224.0,177.0,224.0,317.0,
20070618,364,153.0,169.0,232.0,223.0,224.0,222.0,101.0,222.0,216.0,214.0,232.0,143.0,307.0
20070619,208,199.0,130.0,228.0,82.0,232.0,220.0,221.0,220.0,211.0,140.0,192.0,217.0,295.0
20070620,276,48.0,122.0,232.0,86.0,164.0,217.0,232.0,44.0,105.0,15.0,280.0,,
20070621,22,128.0,48.0,48.0,138.0,48.0,84.0,75.0,84.0,53.0,4.0,,,
20070622,320,232.0,232.0,229.0,228.0,232.0,197.0,232.0,215.0,232.0,232.0,232.0,232.0,284.0
20070625,162,232.0,232.0,231.0,228.0,232.0,228.0,229.0,228.0,232.0,221.0,232.0,276.0,
20070626,332,241.0,186.0,168.0,232.0,244.0,244.0,5.0,244.0,244.0,232.0,209.0,229.0,295.0
20070627,353,171.0,202.0,260.0,260.0,250.0,260.0,256.0,260.0,260.0,260.0,260.0,260.0,323.0
20070628,364,260.0,260.0,256.0,256.0,260.0,256.0,256.0,252.0,260.0,260.0,260.0,260.0,319.0
20070629,384,370.0,355.0,361.0,368.0,360.0,371.0,370.0,372.0,372.0,372.0,372.0,364.0,369.0
20070702,400,395.0,392.0,392.0,390.0,394.0,394.0,386.0,394.0,396.0,392.0,392.0,394.0,370.0
20070703,321,400.0,400.0,395.0,400.0,400.0,400.0,399.0,,,,,,
20070705,320,400.0,400.0,400.0,400.0,400.0,400.0,400.0,399.0,400.0,400.0,118.0,89.0,373.0
20070706,400,400.0,400.0,400.0,400.0,392.0,400.0,370.0,397.0,376.0,396.0,391.0,400.0,362.0
20070709,400,400.0,400.0,400.0,385.0,388.0,399.0,400.0,394.0,386.0,384.0,400.0,392.0,371.0
20070710,400,400.0,400.0,400.0,400.0,400.0,400.0,400.0,400.0,400.0,400.0,400.0,400.0,396.0
20070711,383,400.0,400.0,400.0,400.0,400.0,400.0,400.0,400.0,400.0,400.0,400.0,400.0,392.0
20070712,276,104.0,109.0,108.0,110.0,106.0,112.0,104.0,108.0,104.0,109.0,112.0,112.0,312.0
20070713,279,112.0,104.0,112.0,112.0,108.0,100.0,108.0,108.0,108.0,100.0,112.0,101.0,316.0
20070716,5,108.0,107.0,112.0,88.0,102.0,108.0,111.0,112.0,68.0,108.0,109.0,280.0,
20070717,318,110.0,112.0,109.0,112.0,110.0,110.0,112.0,108.0,112.0,108.0,108.0,108.0,330.0
20070718,43,112.0,112.0,112.0,112.0,112.0,112.0,108.0,108.0,112.0,104.0,110.0,109.0,326.0
20070719,347,108.0,112.0,107.0,108.0,109.0,112.0,99.0,112.0,112.0,112.0,112.0,104.0,330.0
20070720,8,,,,,,,,,,,,,
20070723,28,99.0,210.0,39.0,242.0,,,,,,,,,
20070724,178,,,,,,,,,,,,,
20070725,306,,,,,,,,,,,,,
20070726,253,,,,,,,,,,,,,
20070727,400,400.0,400.0,400.0,400.0,400.0,400.0,400.0,400.0,400.0,400.0,400.0,372.0,
20070730,400,400.0,400.0,400.0,400.0,400.0,400.0,400.0,400.0,400.0,400.0,400.0,389.0,
20070731,400,400.0,400.0,400.0,400.0,400.0,395.0,400.0,400.0,400.0,400.0,400.0,381.0,
20070801,0,400.0,400.0,400.0,400.0,400.0,400.0,400.0,400.0,400.0,400.0,400.0,400.0,388.0
20070802,400,400.0,400.0,400.0,400.0,400.0,400.0,400.0,400.0,400.0,400.0,400.0,393.0,
20070803,400,400.0,400.0,400.0,400.0,400.0,400.0,400.0,400.0,400.0,400.0,400.0,400.0,
20070806,400,400.0,400.0,400.0,400.0,400.0,400.0,400.0,400.0,400.0,400.0,400.0,390.0,
20070807,400,400.0,399.0,400.0,400.0,375.0,400.0,400.0,400.0,400.0,400.0,400.0,400.0,
20070808,400,400.0,400.0,400.0,400.0,400.0,400.0,400.0,400.0,400.0,400.0,400.0,400.0,
20070809,180,,,,,,,,,,,,,
20070810,112,112.0,112.0,112.0,112.0,112.0,112.0,112.0,112.0,112.0,112.0,112.0,302.0,
20070813,112,112.0,112.0,112.0,112.0,111.0,91.0,112.0,112.0,98.0,112.0,112.0,294.0,
20070814,112,112.0,112.0,112.0,112.0,112.0,112.0,106.0,112.0,112.0,112.0,112.0,274.0,
20070815,112,112.0,112.0,112.0,112.0,112.0,112.0,112.0,112.0,112.0,112.0,112.0,299.0,
20070816,140,112.0,112.0,112.0,112.0,112.0,112.0,112.0,112.0,112.0,112.0,112.0,112.0,292.0
20070817,113,264.0,333.0,312.0,276.0,321.0,246.0,290.0,355.0,253.0,363.0,,,
20070820,124,198.0,137.0,43.0,114.0,90.0,216.0,165.0,152.0,100.0,84.0,94.0,,
20070821,65,131.0,248.0,38.0,276.0,123.0,293.0,244.0,290.0,322.0,241.0,247.0,88.0,
20070822,314,296.0,332.0,322.0,345.0,257.0,329.0,325.0,302.0,331.0,323.0,309.0,46.0,
20070823,309,310.0,361.0,347.0,313.0,371.0,345.0,380.0,364.0,391.0,378.0,372.0,43.0,
20070824,400,159.0,312.0,235.0,235.0,269.0,313.0,260.0,345.0,326.0,207.0,181.0,357.0,
20070827,120,266.0,296.0,343.0,342.0,360.0,344.0,341.0,321.0,277.0,202.0,207.0,326.0,
20070828,178,198.0,229.0,196.0,278.0,307.0,359.0,340.0,114.0,216.0,217.0,174.0,357.0,
20070829,137,165.0,120.0,231.0,255.0,287.0,257.0,276.0,224.0,314.0,218.0,236.0,358.0,
20070830,154,144.0,188.0,308.0,290.0,141.0,286.0,312.0,294.0,244.0,180.0,214.0,313.0,
20070831,400,400.0,400.0,400.0,400.0,400.0,400.0,400.0,400.0,400.0,400.0,400.0,346.0,
20070904,0,400.0,400.0,400.0,400.0,400.0,400.0,400.0,400.0,400.0,400.0,400.0,400.0,357.0
20070905,400,400.0,400.0,400.0,400.0,400.0,400.0,400.0,400.0,400.0,400.0,400.0,389.0,
20070906,400,400.0,400.0,400.0,400.0,400.0,400.0,400.0,400.0,400.0,400.0,400.0,229.0,
20070907,177,400.0,400.0,400.0,400.0,400.0,400.0,400.0,400.0,400.0,400.0,400.0,400.0,391.0
20070910,400,400.0,400.0,400.0,400.0,400.0,400.0,400.0,400.0,400.0,400.0,400.0,107.0,
20070911,400,400.0,400.0,400.0,400.0,400.0,400.0,400.0,400.0,400.0,400.0,400.0,279.0,
20070912,400,400.0,400.0,400.0,400.0,400.0,400.0,400.0,400.0,400.0,400.0,400.0,381.0,
20070913,80,80.0,80.0,80.0,80.0,80.0,80.0,80.0,80.0,80.0,80.0,80.0,204.0,
20070914,80,80.0,80.0,80.0,80.0,80.0,80.0,80.0,80.0,80.0,80.0,80.0,80.0,
20070917,80,80.0,80.0,80.0,80.0,80.0,80.0,80.0,80.0,80.0,80.0,80.0,249.0,
20070918,80,80.0,80.0,80.0,80.0,80.0,77.0,106.0,80.0,80.0,80.0,80.0,196.0,
20070919,76,80.0,80.0,80.0,80.0,80.0,80.0,80.0,80.0,80.0,80.0,80.0,150.0,
20070920,80,80.0,80.0,80.0,80.0,80.0,78.0,80.0,80.0,80.0,80.0,80.0,263.0,
20070921,249,220.0,249.0,246.0,305.0,283.0,323.0,270.0,275.0,290.0,236.0,282.0,258.0,
20070924,224,220.0,220.0,220.0,220.0,220.0,209.0,236.0,236.0,232.0,236.0,232.0,4.0,
20070925,248,244.0,246.0,248.0,244.0,244.0,246.0,248.0,248.0,248.0,244.0,248.0,356.0,
20070926,261,263.0,260.0,250.0,325.0,298.0,312.0,286.0,264.0,264.0,264.0,264.0,358.0,
20070927,264,260.0,260.0,264.0,314.0,311.0,329.0,336.0,268.0,264.0,260.0,280.0,370.0,
20070928,44,143.0,259.0,16.0,252.0,156.0,25.0,326.0,,,,,,
20071001,0,48.0,52.0,103.0,52.0,131.0,86.0,52.0,44.0,51.0,330.0,,,
20071002,374,52.0,156.0,120.0,123.0,189.0,294.0,48.0,199.0,159.0,114.0,146.0,360.0,
20071003,102,97.0,88.0,184.0,211.0,198.0,349.0,146.0,201.0,171.0,200.0,301.0,325.0,
20071004,17,48.0,170.0,141.0,327.0,352.0,324.0,176.0,313.0,303.0,112.0,231.0,352.0,
20071005,9,122.0,214.0,267.0,262.0,193.0,52.0,50.0,51.0,45.0,336.0,,,
20071008,176,229.0,338.0,349.0,254.0,318.0,311.0,346.0,234.0,258.0,332.0,353.0,,
20071009,218,65.0,171.0,248.0,332.0,327.0,335.0,363.0,96.0,245.0,284.0,384.0,,
20071010,166,240.0,236.0,203.0,267.0,262.0,290.0,106.0,327.0,228.0,174.0,290.0,199.0,
20071011,115,116.0,152.0,100.0,108.0,112.0,187.0,181.0,116.0,307.0,,,,
20071012,116,115.0,112.0,104.0,114.0,113.0,114.0,113.0,115.0,108.0,112.0,116.0,219.0,
20071015,114,116.0,116.0,115.0,268.0,116.0,114.0,150.0,147.0,112.0,116.0,112.0,346.0,
20071016,27,116.0,116.0,116.0,114.0,113.0,116.0,116.0,112.0,112.0,112.0,112.0,111.0,339.0
20071017,112,108.0,116.0,116.0,215.0,116.0,116.0,112.0,116.0,116.0,116.0,116.0,335.0,
20071018,116,114.0,128.0,112.0,114.0,100.0,173.0,110.0,113.0,116.0,116.0,112.0,326.0,
20071019,1,117.0,66.0,92.0,66.0,78.0,225.0,388.0,,,,,,
20071022,135,100.0,56.0,136.0,212.0,98.0,99.0,241.0,43.0,389.0,,,,
20071023,214,140.0,251.0,342.0,317.0,339.0,288.0,277.0,244.0,199.0,293.0,,,
20071024,165,56.0,13.0,120.0,104.0,400.0,257.0,113.0,390.0,,,,,
20071025,161,233.0,180.0,372.0,,,,,,,,,,
20071026,203,263.0,207.0,327.0,376.0,373.0,376.0,329.0,353.0,283.0,370.0,,,
20071029,83,245.0,392.0,389.0,314.0,371.0,362.0,379.0,,,,,,
20071030,164,309.0,347.0,263.0,316.0,352.0,330.0,352.0,322.0,346.0,367.0,306.0,367.0,
20071031,6,351.0,326.0,367.0,364.0,361.0,344.0,373.0,371.0,265.0,272.0,207.0,309.0,394.0
20071101,0,323.0,310.0,201.0,167.0,240.0,267.0,273.0,245.0,70.0,213.0,371.0,,
20071102,55,41.0,95.0,71.0,359.0,,,,,,,,,
20071105,35,99.0,185.0,143.0,117.0,172.0,65.0,8.0,367.0,,,,,
20071106,33,42.0,181.0,166.0,207.0,2.0,60.0,121.0,359.0,,,,,
20071107,311,,,,,,,,,,,,,
20071108,253,,,,,,,,,,,,,
20071109,116,116.0,116.0,116.0,116.0,110.0,101.0,102.0,116.0,116.0,114.0,109.0,265.0,
20071112,21,101.0,113.0,104.0,116.0,140.0,87.0,120.0,103.0,160.0,116.0,116.0,115.0,262.0
20071113,7,96.0,93.0,240.0,209.0,274.0,120.0,102.0,220.0,342.0,184.0,113.0,238.0,66.0
20071114,109,113.0,106.0,280.0,46.0,84.0,94.0,71.0,110.0,91.0,98.0,102.0,260.0,
20071115,114,106.0,82.0,99.0,103.0,107.0,75.0,106.0,113.0,113.0,103.0,116.0,253.0,
20071116,111,145.0,125.0,249.0,111.0,324.0,,,,,,,,
20071119,59,249.0,51.0,100.0,352.0,,,,,,,,,
20071120,23,78.0,86.0,171.0,12.0,341.0,,,,,,,,
20071121,34,48.0,40.0,349.0,,,,,,,,,,
20071123,50,343.0,365.0,357.0,369.0,359.0,366.0,252.0,,,,,,
20071126,297,342.0,298.0,299.0,277.0,314.0,364.0,335.0,278.0,302.0,123.0,44.0,362.0,
20071127,370,327.0,140.0,228.0,158.0,375.0,,,,,,,,
20071128,58,196.0,297.0,307.0,338.0,351.0,376.0,343.0,342.0,362.0,362.0,376.0,400.0,
20071129,196,340.0,380.0,359.0,397.0,384.0,289.0,354.0,347.0,341.0,355.0,369.0,400.0,
20071130,152,89.0,71.0,118.0,72.0,328.0,,,,,,,,
20071203,0,102.0,92.0,195.0,339.0,154.0,211.0,24.0,141.0,91.0,154.0,124.0,381.0,
20071204,395,23.0,107.0,165.0,165.0,267.0,301.0,272.0,268.0,207.0,162.0,91.0,385.0,
20071205,83,180.0,242.0,163.0,287.0,352.0,194.0,154.0,338.0,73.0,92.0,261.0,384.0,
20071206,226,272.0,184.0,258.0,314.0,295.0,188.0,255.0,251.0,187.0,274.0,225.0,386.0,
20071207,25,101.0,53.0,280.0,360.0,370.0,193.0,274.0,267.0,111.0,366.0,,,
20071210,9,85.0,286.0,253.0,326.0,326.0,368.0,328.0,357.0,280.0,268.0,162.0,188.0,378.0
20071211,143,92.0,94.0,241.0,260.0,333.0,289.0,298.0,35.0,375.0,,,,
20071212,208,56.0,45.0,93.0,74.0,47.0,60.0,144.0,371.0,,,,,
20071213,116,113.0,114.0,116.0,86.0,227.0,,,,,,,,
20071214,116,114.0,113.0,112.0,114.0,114.0,113.0,114.0,113.0,116.0,116.0,116.0,253.0,
20071217,116,116.0,113.0,115.0,113.0,99.0,113.0,116.0,116.0,116.0,116.0,116.0,280.0,
20071218,236,112.0,116.0,116.0,115.0,116.0,114.0,115.0,113.0,113.0,113.0,110.0,112.0,253.0
20071219,2,108.0,109.0,108.0,111.0,113.0,109.0,111.0,108.0,108.0,113.0,109.0,111.0,251.0
20071220,107,109.0,108.0,112.0,112.0,109.0,108.0,105.0,106.0,106.0,106.0,106.0,272.0,
20071221,86,337.0,271.0,290.0,257.0,274.0,300.0,331.0,326.0,157.0,274.0,230.0,355.0,
20071224,356,223.0,103.0,260.0,44.0,275.0,306.0,225.0,,,,,,
20071226,123,252.0,273.0,132.0,264.0,318.0,191.0,258.0,70.0,77.0,247.0,211.0,347.0,
20071227,26,174.0,238.0,217.0,264.0,48.0,166.0,172.0,48.0,104.0,107.0,76.0,320.0,
20071228,253,168.0,220.0,48.0,48.0,134.0,139.0,71.0,177.0,204.0,86.0,273.0,,
20071231,47,58.0,48.0,88.0,2.0,85.0,32.0,50.0,32.0,22.0,16.0,296.0,,
