,08:30,09:00,09:30,10:00,10:30,11:00,11:30,12:00,12:30,13:00,13:30,14:00,14:30,15:00
20070103,400,142.0,346.0,303.0,376.0,352.0,376.0,319.0,266.0,264.0,242.0,267.0,158.0,223.0
20070104,213,225.0,250.0,262.0,298.0,245.0,280.0,243.0,264.0,276.0,267.0,296.0,78.0,
20070105,46,203.0,258.0,256.0,191.0,329.0,245.0,272.0,292.0,296.0,291.0,231.0,269.0,358.0
20070108,167,259.0,212.0,243.0,287.0,251.0,284.0,273.0,246.0,272.0,268.0,301.0,72.0,
20070109,60,230.0,271.0,304.0,246.0,258.0,244.0,304.0,270.0,270.0,255.0,282.0,251.0,116.0
20070110,274,234.0,245.0,273.0,268.0,295.0,231.0,230.0,231.0,296.0,255.0,256.0,293.0,96.0
20070111,226,52.0,35.0,100.0,45.0,192.0,108.0,72.0,95.0,69.0,110.0,125.0,88.0,138.0
20070112,297,69.0,132.0,85.0,98.0,226.0,67.0,49.0,164.0,180.0,173.0,56.0,192.0,235.0
20070116,275,108.0,65.0,148.0,129.0,122.0,169.0,276.0,206.0,197.0,175.0,172.0,228.0,304.0
20070117,82,95.0,166.0,131.0,105.0,225.0,184.0,223.0,107.0,89.0,184.0,180.0,96.0,
20070118,229,68.0,65.0,102.0,210.0,140.0,209.0,169.0,248.0,155.0,104.0,214.0,170.0,
20070119,40,64.0,116.0,83.0,42.0,47.0,158.0,71.0,54.0,198.0,4.0,208.0,246.0,78.0
20070122,60,69.0,69.0,57.0,56.0,52.0,38.0,48.0,32.0,16.0,52.0,39.0,230.0,
20070123,67,62.0,44.0,56.0,48.0,40.0,40.0,102.0,60.0,52.0,278.0,,,
20070124,288,71.0,46.0,66.0,28.0,61.0,50.0,54.0,56.0,70.0,67.0,36.0,43.0,223.0
20070125,400,40.0,68.0,53.0,58.0,36.0,64.0,44.0,44.0,70.0,64.0,76.0,160.0,
20070126,395,108.0,108.0,99.0,98.0,96.0,76.0,94.0,95.0,83.0,84.0,85.0,90.0,260.0
20070129,381,92.0,93.0,72.0,60.0,64.0,84.0,68.0,64.0,96.0,92.0,96.0,84.0,174.0
20070130,286,100.0,96.0,68.0,80.0,73.0,68.0,62.0,64.0,60.0,72.0,68.0,60.0,184.0
20070131,298,82.0,80.0,88.0,64.0,52.0,76.0,48.0,52.0,64.0,89.0,68.0,64.0,216.0
20070201,0,73.0,56.0,68.0,64.0,64.0,52.0,48.0,48.0,42.0,62.0,68.0,38.0,263.0
20070202,309,78.0,44.0,58.0,36.0,52.0,52.0,64.0,42.0,106.0,65.0,61.0,50.0,260.0
20070205,400,80.0,72.0,72.0,68.0,60.0,62.0,72.0,72.0,40.0,40.0,68.0,40.0,232.0
20070206,315,64.0,56.0,64.0,72.0,62.0,60.0,56.0,42.0,64.0,52.0,72.0,56.0,246.0
20070207,345,63.0,52.0,41.0,26.0,41.0,42.0,60.0,40.0,48.0,48.0,52.0,56.0,242.0
20070208,262,48.0,32.0,52.0,40.0,40.0,18.0,46.0,32.0,16.0,36.0,44.0,32.0,136.0
20070209,257,45.0,44.0,40.0,32.0,36.0,44.0,44.0,24.0,48.0,55.0,68.0,48.0,213.0
20070212,245,63.0,52.0,52.0,48.0,38.0,46.0,72.0,46.0,44.0,60.0,48.0,45.0,156.0
20070213,252,52.0,44.0,48.0,40.0,32.0,34.0,40.0,24.0,42.0,44.0,44.0,16.0,128.0
20070214,285,72.0,44.0,52.0,36.0,16.0,30.0,44.0,20.0,24.0,20.0,21.0,90.0,172.0
20070215,296,56.0,44.0,56.0,48.0,56.0,27.0,40.0,36.0,24.0,12.0,40.0,24.0,136.0
20070216,400,44.0,22.0,85.0,24.0,30.0,16.0,32.0,28.0,34.0,45.0,304.0,,
20070220,91,98.0,39.0,48.0,276.0,64.0,12.0,217.0,131.0,84.0,132.0,189.0,0.0,
20070221,273,212.0,212.0,206.0,281.0,202.0,194.0,148.0,223.0,200.0,213.0,209.0,204.0,
20070222,195,212.0,195.0,227.0,278.0,195.0,270.0,206.0,212.0,214.0,207.0,221.0,261.0,
20070223,232,224.0,225.0,224.0,204.0,229.0,228.0,188.0,221.0,231.0,226.0,235.0,262.0,
20070226,296,248.0,287.0,245.0,232.0,229.0,244.0,219.0,200.0,205.0,244.0,243.0,294.0,
20070227,288,327.0,277.0,240.0,272.0,266.0,258.0,340.0,322.0,291.0,296.0,293.0,303.0,
20070228,300,280.0,285.0,281.0,293.0,306.0,312.0,287.0,278.0,283.0,289.0,305.0,174.0,
20070301,0,296.0,292.0,290.0,295.0,293.0,263.0,250.0,252.0,273.0,281.0,253.0,288.0,3.0
20070302,308,293.0,304.0,288.0,257.0,300.0,284.0,316.0,317.0,318.0,315.0,314.0,245.0,
20070305,314,305.0,305.0,310.0,308.0,254.0,275.0,274.0,308.0,292.0,292.0,280.0,223.0,
20070306,317,313.0,304.0,297.0,287.0,294.0,275.0,243.0,273.0,293.0,268.0,301.0,1.0,
20070307,274,288.0,284.0,287.0,251.0,346.0,258.0,259.0,282.0,246.0,285.0,303.0,244.0,
20070308,96,88.0,48.0,158.0,171.0,188.0,153.0,206.0,192.0,111.0,84.0,180.0,183.0,
20070309,48,68.0,183.0,184.0,190.0,168.0,175.0,143.0,48.0,96.0,120.0,214.0,206.0,
20070312,76,165.0,129.0,164.0,154.0,160.0,161.0,136.0,187.0,172.0,141.0,195.0,235.0,
20070313,124,218.0,166.0,180.0,152.0,48.0,162.0,96.0,48.0,56.0,96.0,64.0,150.0,
20070314,48,48.0,48.0,48.0,96.0,48.0,48.0,48.0,48.0,48.0,122.0,48.0,214.0,
20070315,48,48.0,176.0,156.0,48.0,241.0,120.0,238.0,92.0,116.0,96.0,48.0,167.0,
20070316,88,48.0,137.0,,,,,,,,,,,
20070319,44,48.0,36.0,48.0,48.0,66.0,,,,,,,,
20070320,8,48.0,48.0,96.0,48.0,48.0,48.0,50.0,,,,,,
20070321,228,125.0,96.0,100.0,96.0,163.0,48.0,128.0,96.0,146.0,,,,
20070322,48,104.0,8.0,130.0,108.0,134.0,152.0,179.0,170.0,184.0,144.0,147.0,150.0,
20070323,183,152.0,160.0,184.0,185.0,180.0,184.0,161.0,166.0,168.0,187.0,188.0,127.0,
20070326,261,48.0,64.0,48.0,189.0,,,,,,,,,
20070327,272,163.0,48.0,136.0,44.0,48.0,215.0,,,,,,,
20070328,168,170.0,48.0,96.0,129.0,,,,,,,,,
20070329,36,48.0,48.0,8.0,116.0,,,,,,,,,
20070330,193,185.0,175.0,195.0,192.0,220.0,220.0,220.0,222.0,242.0,200.0,222.0,137.0,
20070402,0,287.0,282.0,257.0,258.0,248.0,251.0,269.0,245.0,270.0,220.0,262.0,240.0,120.0
20070403,320,293.0,248.0,255.0,229.0,225.0,235.0,250.0,224.0,259.0,256.0,235.0,233.0,194.0
20070404,273,238.0,249.0,246.0,232.0,222.0,240.0,220.0,236.0,222.0,224.0,238.0,168.0,
20070405,164,238.0,243.0,240.0,252.0,279.0,188.0,192.0,246.0,232.0,253.0,272.0,233.0,191.0
20070409,287,232.0,244.0,250.0,239.0,232.0,234.0,216.0,226.0,269.0,244.0,247.0,238.0,172.0
20070410,211,256.0,240.0,254.0,246.0,230.0,220.0,249.0,236.0,223.0,255.0,240.0,236.0,155.0
20070411,385,246.0,236.0,256.0,238.0,219.0,227.0,246.0,232.0,259.0,259.0,264.0,245.0,130.0
20070412,307,108.0,124.0,128.0,64.0,157.0,120.0,132.0,92.0,128.0,131.0,,,
20070413,313,242.0,235.0,237.0,230.0,204.0,208.0,220.0,201.0,220.0,211.0,224.0,211.0,17.0
20070416,230,220.0,192.0,207.0,220.0,232.0,231.0,144.0,248.0,241.0,220.0,204.0,86.0,
20070417,230,221.0,218.0,200.0,220.0,222.0,213.0,203.0,228.0,218.0,212.0,224.0,0.0,
20070418,237,231.0,225.0,222.0,217.0,209.0,210.0,216.0,214.0,200.0,225.0,223.0,136.0,
20070419,247,229.0,218.0,212.0,224.0,231.0,212.0,218.0,206.0,225.0,212.0,225.0,296.0,
20070420,229,232.0,224.0,208.0,220.0,209.0,215.0,224.0,221.0,202.0,227.0,204.0,229.0,
20070423,248,253.0,313.0,284.0,330.0,324.0,400.0,400.0,241.0,283.0,332.0,295.0,97.0,
20070424,36,208.0,255.0,238.0,250.0,278.0,308.0,335.0,352.0,338.0,302.0,329.0,330.0,
20070425,216,235.0,248.0,298.0,287.0,334.0,359.0,390.0,236.0,306.0,310.0,329.0,136.0,
20070426,269,330.0,295.0,348.0,363.0,400.0,400.0,298.0,362.0,302.0,330.0,360.0,337.0,
20070427,279,290.0,363.0,375.0,384.0,372.0,272.0,338.0,365.0,391.0,364.0,331.0,252.0,
20070430,313,367.0,366.0,284.0,345.0,395.0,399.0,312.0,400.0,400.0,337.0,286.0,180.0,
20070501,0,276.0,301.0,344.0,314.0,365.0,345.0,295.0,301.0,343.0,278.0,363.0,376.0,295.0
20070502,272,388.0,369.0,366.0,325.0,382.0,400.0,364.0,337.0,339.0,376.0,331.0,200.0,
20070503,271,330.0,366.0,357.0,333.0,347.0,382.0,400.0,391.0,400.0,366.0,336.0,186.0,
20070504,353,400.0,389.0,400.0,400.0,314.0,356.0,400.0,320.0,400.0,400.0,349.0,272.0,
20070507,350,376.0,378.0,358.0,394.0,400.0,400.0,345.0,379.0,333.0,400.0,107.0,5.0,
20070508,295,366.0,333.0,357.0,341.0,400.0,400.0,331.0,384.0,400.0,350.0,397.0,197.0,
20070509,382,360.0,391.0,340.0,166.0,387.0,400.0,353.0,368.0,276.0,337.0,357.0,237.0,
20070510,186,106.0,156.0,173.0,128.0,208.0,233.0,188.0,251.0,200.0,203.0,172.0,312.0,
20070511,253,246.0,237.0,213.0,154.0,244.0,239.0,249.0,214.0,233.0,235.0,247.0,306.0,
20070514,246,217.0,214.0,238.0,251.0,223.0,186.0,213.0,264.0,250.0,210.0,243.0,121.0,
20070515,14,261.0,222.0,261.0,224.0,231.0,235.0,249.0,193.0,236.0,250.0,260.0,202.0,294.0
20070516,252,262.0,256.0,257.0,257.0,210.0,260.0,219.0,233.0,241.0,204.0,256.0,76.0,
20070517,265,195.0,259.0,217.0,265.0,330.0,235.0,215.0,212.0,239.0,235.0,238.0,270.0,
20070518,92,260.0,256.0,291.0,333.0,273.0,282.0,278.0,291.0,213.0,171.0,257.0,358.0,
20070521,108,260.0,249.0,272.0,264.0,236.0,284.0,233.0,271.0,228.0,259.0,245.0,170.0,232.0
20070522,400,221.0,215.0,260.0,272.0,247.0,268.0,273.0,284.0,271.0,228.0,244.0,291.0,229.0
20070523,257,272.0,292.0,280.0,295.0,274.0,251.0,223.0,228.0,161.0,165.0,154.0,258.0,
20070524,108,28.0,275.0,24.0,52.0,140.0,155.0,171.0,257.0,236.0,152.0,28.0,180.0,
20070525,218,324.0,326.0,296.0,298.0,268.0,313.0,308.0,280.0,313.0,287.0,317.0,288.0,208.0
20070529,349,320.0,312.0,286.0,284.0,317.0,309.0,289.0,295.0,308.0,320.0,296.0,284.0,240.0
20070530,146,315.0,309.0,298.0,298.0,299.0,307.0,293.0,248.0,328.0,317.0,324.0,300.0,271.0
20070531,64,76.0,68.0,68.0,72.0,48.0,65.0,57.0,60.0,69.0,64.0,68.0,70.0,25.0
20070601,64,88.0,92.0,84.0,76.0,84.0,84.0,76.0,88.0,72.0,80.0,76.0,44.0,36.0
20070604,80,87.0,64.0,48.0,72.0,76.0,92.0,79.0,77.0,87.0,84.0,56.0,16.0,
20070605,64,89.0,76.0,79.0,80.0,82.0,88.0,72.0,71.0,78.0,88.0,73.0,80.0,36.0
20070606,60,76.0,84.0,80.0,80.0,80.0,76.0,84.0,72.0,76.0,80.0,80.0,85.0,36.0
20070607,48,48.0,48.0,44.0,36.0,48.0,48.0,,,,,,,
20070608,48,48.0,48.0,48.0,48.0,48.0,48.0,48.0,48.0,48.0,48.0,48.0,48.0,24.0
20070611,48,48.0,48.0,48.0,48.0,48.0,44.0,44.0,24.0,48.0,48.0,48.0,36.0,20.0
20070612,48,48.0,48.0,48.0,48.0,48.0,48.0,48.0,48.0,48.0,48.0,48.0,44.0,
20070613,40,48.0,44.0,48.0,48.0,48.0,48.0,48.0,48.0,48.0,48.0,48.0,48.0,12.0
20070614,48,48.0,48.0,48.0,48.0,48.0,44.0,40.0,44.0,48.0,44.0,48.0,48.0,20.0
20070615,48,40.0,48.0,48.0,48.0,40.0,44.0,48.0,36.0,40.0,48.0,44.0,12.0,
20070618,44,48.0,44.0,48.0,40.0,40.0,44.0,48.0,44.0,36.0,48.0,48.0,48.0,16.0
20070619,24,48.0,48.0,44.0,48.0,48.0,48.0,44.0,48.0,48.0,48.0,44.0,48.0,36.0
20070620,48,48.0,48.0,48.0,48.0,48.0,48.0,48.0,44.0,44.0,16.0,40.0,,
20070621,24,44.0,48.0,48.0,48.0,48.0,48.0,48.0,48.0,48.0,0.0,,,
20070622,48,48.0,48.0,48.0,44.0,48.0,48.0,48.0,48.0,48.0,48.0,48.0,48.0,40.0
20070625,48,48.0,48.0,48.0,44.0,48.0,44.0,48.0,44.0,48.0,48.0,48.0,40.0,
20070626,36,48.0,48.0,48.0,48.0,48.0,48.0,0.0,48.0,48.0,48.0,48.0,48.0,48.0
20070627,48,48.0,48.0,48.0,48.0,48.0,48.0,44.0,48.0,48.0,48.0,48.0,48.0,36.0
20070628,48,48.0,48.0,44.0,48.0,48.0,44.0,44.0,40.0,48.0,48.0,48.0,48.0,48.0
20070629,199,304.0,287.0,276.0,297.0,272.0,298.0,284.0,286.0,303.0,294.0,292.0,293.0,257.0
20070702,56,80.0,76.0,76.0,76.0,83.0,80.0,71.0,82.0,82.0,82.0,82.0,82.0,62.0
20070703,56,84.0,76.0,72.0,76.0,76.0,81.0,82.0,,,,,,
20070705,48,80.0,81.0,69.0,79.0,65.0,76.0,72.0,68.0,77.0,72.0,50.0,41.0,40.0
20070706,56,84.0,84.0,80.0,76.0,68.0,84.0,64.0,76.0,60.0,80.0,76.0,76.0,60.0
20070709,56,80.0,76.0,80.0,60.0,72.0,80.0,72.0,68.0,64.0,60.0,76.0,64.0,55.0
20070710,38,76.0,80.0,76.0,72.0,76.0,76.0,80.0,77.0,76.0,76.0,76.0,76.0,44.0
20070711,56,79.0,77.0,81.0,73.0,72.0,73.0,76.0,71.0,76.0,72.0,74.0,77.0,24.0
20070712,56,52.0,56.0,52.0,56.0,56.0,56.0,52.0,52.0,52.0,56.0,56.0,56.0,48.0
20070713,49,56.0,48.0,56.0,56.0,52.0,44.0,52.0,52.0,52.0,48.0,56.0,48.0,36.0
20070716,0,56.0,56.0,56.0,36.0,56.0,52.0,56.0,56.0,16.0,52.0,56.0,40.0,
20070717,55,56.0,56.0,56.0,56.0,56.0,56.0,56.0,52.0,56.0,56.0,52.0,56.0,48.0
20070718,0,56.0,56.0,56.0,56.0,56.0,56.0,56.0,56.0,56.0,52.0,56.0,56.0,24.0
20070719,56,52.0,56.0,52.0,52.0,56.0,56.0,56.0,56.0,56.0,56.0,56.0,48.0,52.0
20070720,0,,,,,,,,,,,,,
20070723,28,48.0,52.0,44.0,16.0,,,,,,,,,
20070724,56,,,,,,,,,,,,,
20070725,32,,,,,,,,,,,,,
20070726,40,,,,,,,,,,,,,
20070727,303,292.0,297.0,293.0,291.0,294.0,290.0,290.0,300.0,307.0,305.0,295.0,170.0,
20070730,306,305.0,301.0,289.0,284.0,279.0,290.0,276.0,281.0,286.0,269.0,260.0,214.0,
20070731,289,289.0,275.0,281.0,262.0,279.0,275.0,273.0,281.0,288.0,293.0,289.0,195.0,
20070801,0,309.0,292.0,306.0,296.0,293.0,303.0,271.0,293.0,293.0,281.0,296.0,303.0,187.0
20070802,290,296.0,290.0,285.0,277.0,258.0,283.0,271.0,276.0,287.0,290.0,296.0,148.0,
20070803,297,278.0,279.0,287.0,280.0,273.0,259.0,263.0,264.0,279.0,278.0,288.0,271.0,
20070806,300,276.0,273.0,283.0,273.0,267.0,280.0,262.0,263.0,265.0,272.0,266.0,131.0,
20070807,274,251.0,227.0,257.0,251.0,201.0,230.0,217.0,266.0,289.0,293.0,289.0,27.0,
20070808,285,259.0,266.0,254.0,245.0,257.0,237.0,263.0,269.0,263.0,282.0,287.0,268.0,
20070809,115,,,,,,,,,,,,,
20070810,56,56.0,56.0,56.0,56.0,56.0,56.0,56.0,56.0,56.0,56.0,56.0,56.0,
20070813,112,112.0,112.0,112.0,112.0,112.0,112.0,112.0,112.0,112.0,112.0,112.0,142.0,
20070814,112,112.0,112.0,112.0,112.0,112.0,112.0,112.0,112.0,112.0,112.0,112.0,162.0,
20070815,112,112.0,112.0,112.0,112.0,112.0,112.0,112.0,112.0,112.0,112.0,112.0,179.0,
20070816,27,112.0,112.0,112.0,112.0,112.0,112.0,112.0,112.0,112.0,112.0,112.0,112.0,183.0
20070817,115,183.0,235.0,191.0,164.0,211.0,127.0,188.0,195.0,142.0,191.0,,,
20070820,119,137.0,120.0,44.0,112.0,92.0,135.0,128.0,116.0,100.0,84.0,82.0,,
20070821,68,122.0,142.0,40.0,235.0,112.0,189.0,149.0,184.0,223.0,200.0,151.0,90.0,
20070822,213,274.0,282.0,250.0,243.0,164.0,214.0,213.0,201.0,222.0,212.0,206.0,33.0,
20070823,213,265.0,258.0,245.0,203.0,255.0,273.0,222.0,242.0,267.0,252.0,257.0,40.0,
20070824,279,116.0,192.0,123.0,124.0,157.0,200.0,151.0,214.0,214.0,118.0,112.0,331.0,
20070827,112,162.0,178.0,232.0,221.0,222.0,216.0,216.0,203.0,171.0,122.0,122.0,265.0,
20070828,112,115.0,125.0,114.0,158.0,199.0,216.0,216.0,112.0,114.0,114.0,116.0,292.0,
20070829,116,142.0,112.0,131.0,144.0,201.0,145.0,148.0,118.0,200.0,117.0,185.0,280.0,
20070830,120,116.0,116.0,205.0,187.0,114.0,178.0,206.0,181.0,141.0,116.0,124.0,245.0,
20070831,302,285.0,285.0,285.0,290.0,278.0,273.0,268.0,281.0,288.0,282.0,278.0,327.0,
20070904,0,347.0,299.0,269.0,254.0,274.0,271.0,277.0,248.0,289.0,296.0,278.0,277.0,237.0
20070905,297,276.0,293.0,287.0,309.0,274.0,292.0,289.0,293.0,295.0,288.0,285.0,321.0,
20070906,292,282.0,349.0,296.0,346.0,278.0,285.0,286.0,266.0,293.0,285.0,274.0,160.0,
20070907,186,288.0,283.0,264.0,268.0,292.0,292.0,281.0,286.0,298.0,290.0,294.0,286.0,336.0
20070910,299,282.0,283.0,274.0,267.0,260.0,277.0,265.0,278.0,272.0,276.0,299.0,91.0,
20070911,302,277.0,281.0,284.0,284.0,282.0,275.0,276.0,264.0,296.0,282.0,292.0,192.0,
20070912,289,288.0,290.0,257.0,256.0,271.0,282.0,267.0,265.0,274.0,282.0,285.0,303.0,
20070913,80,80.0,80.0,80.0,80.0,80.0,80.0,80.0,80.0,80.0,80.0,80.0,167.0,
20070914,80,80.0,80.0,80.0,80.0,80.0,80.0,80.0,80.0,80.0,80.0,80.0,86.0,
20070917,80,80.0,80.0,80.0,80.0,80.0,80.0,80.0,80.0,80.0,80.0,80.0,212.0,
20070918,80,80.0,80.0,80.0,80.0,80.0,80.0,81.0,80.0,80.0,80.0,80.0,161.0,
20070919,80,80.0,80.0,80.0,80.0,80.0,80.0,80.0,80.0,80.0,80.0,80.0,123.0,
20070920,40,40.0,40.0,40.0,40.0,40.0,40.0,40.0,40.0,40.0,40.0,40.0,0.0,
20070921,221,171.0,211.0,202.0,219.0,215.0,229.0,228.0,200.0,214.0,190.0,211.0,237.0,
20070924,40,36.0,36.0,36.0,36.0,36.0,36.0,40.0,40.0,40.0,40.0,40.0,0.0,
20070925,195,202.0,193.0,180.0,186.0,176.0,180.0,188.0,185.0,166.0,195.0,185.0,343.0,
20070926,223,215.0,214.0,207.0,246.0,201.0,192.0,218.0,220.0,202.0,200.0,220.0,207.0,
20070927,227,221.0,226.0,207.0,227.0,243.0,229.0,241.0,190.0,218.0,200.0,235.0,261.0,
20070928,44,100.0,174.0,20.0,167.0,116.0,28.0,212.0,,,,,,
20071001,0,48.0,52.0,98.0,52.0,112.0,92.0,52.0,44.0,52.0,233.0,,,
20071002,303,52.0,125.0,115.0,113.0,151.0,242.0,48.0,146.0,138.0,96.0,116.0,370.0,
20071003,35,100.0,88.0,145.0,162.0,150.0,252.0,102.0,149.0,134.0,142.0,227.0,236.0,
20071004,1,48.0,130.0,109.0,209.0,241.0,232.0,136.0,221.0,227.0,98.0,175.0,288.0,
20071005,2,100.0,174.0,223.0,227.0,150.0,52.0,52.0,52.0,52.0,269.0,,,
20071008,150,186.0,283.0,278.0,189.0,257.0,264.0,261.0,161.0,204.0,288.0,324.0,,
20071009,131,68.0,140.0,215.0,282.0,216.0,259.0,266.0,100.0,213.0,254.0,296.0,,
20071010,146,203.0,202.0,156.0,229.0,162.0,251.0,112.0,269.0,192.0,151.0,259.0,147.0,
20071011,116,116.0,156.0,108.0,116.0,112.0,150.0,182.0,116.0,254.0,,,,
20071012,116,116.0,116.0,104.0,116.0,116.0,116.0,116.0,116.0,116.0,116.0,116.0,175.0,
20071015,116,116.0,116.0,116.0,253.0,116.0,116.0,157.0,148.0,112.0,116.0,112.0,247.0,
20071016,10,116.0,116.0,116.0,116.0,116.0,116.0,116.0,112.0,112.0,112.0,112.0,112.0,253.0
20071017,112,108.0,116.0,116.0,181.0,116.0,116.0,112.0,116.0,116.0,116.0,116.0,176.0,
20071018,116,116.0,132.0,112.0,116.0,104.0,123.0,112.0,116.0,116.0,116.0,112.0,201.0,
20071019,0,120.0,68.0,96.0,68.0,80.0,164.0,228.0,,,,,,
20071022,126,100.0,56.0,135.0,150.0,51.0,100.0,195.0,44.0,176.0,,,,
20071023,156,133.0,185.0,281.0,260.0,254.0,215.0,216.0,198.0,138.0,220.0,,,
20071024,151,56.0,16.0,116.0,104.0,287.0,180.0,116.0,238.0,,,,,
20071025,136,174.0,131.0,228.0,,,,,,,,,,
20071026,141,202.0,180.0,252.0,247.0,260.0,255.0,242.0,252.0,217.0,249.0,,,
20071029,88,197.0,185.0,149.0,230.0,110.0,260.0,148.0,,,,,,
20071030,134,232.0,195.0,204.0,216.0,178.0,160.0,224.0,249.0,177.0,139.0,230.0,83.0,
20071031,1,277.0,236.0,216.0,189.0,233.0,272.0,146.0,176.0,216.0,229.0,178.0,241.0,273.0
20071101,0,262.0,238.0,152.0,139.0,171.0,181.0,209.0,173.0,72.0,143.0,205.0,,
20071102,56,44.0,96.0,72.0,230.0,,,,,,,,,
20071105,36,96.0,120.0,117.0,116.0,120.0,68.0,8.0,200.0,,,,,
20071106,36,48.0,122.0,116.0,137.0,4.0,62.0,117.0,207.0,,,,,
20071107,187,,,,,,,,,,,,,
20071108,13,,,,,,,,,,,,,
20071109,116,115.0,116.0,116.0,116.0,110.0,109.0,108.0,116.0,115.0,114.0,110.0,135.0,
20071112,2,108.0,109.0,109.0,116.0,123.0,107.0,118.0,108.0,75.0,113.0,113.0,112.0,70.0
20071113,1,104.0,96.0,151.0,136.0,133.0,98.0,106.0,97.0,107.0,102.0,112.0,113.0,21.0
20071114,111,114.0,110.0,164.0,71.0,106.0,98.0,85.0,112.0,107.0,109.0,111.0,81.0,
20071115,109,107.0,104.0,108.0,111.0,114.0,83.0,104.0,114.0,116.0,107.0,113.0,94.0,
20071116,91,99.0,110.0,70.0,105.0,88.0,,,,,,,,
20071119,56,123.0,48.0,97.0,100.0,,,,,,,,,
20071120,24,76.0,86.0,107.0,12.0,214.0,,,,,,,,
20071121,36,48.0,40.0,126.0,,,,,,,,,,
20071123,11,215.0,262.0,251.0,255.0,247.0,262.0,153.0,,,,,,
20071126,203,233.0,187.0,183.0,175.0,227.0,247.0,221.0,175.0,177.0,119.0,44.0,225.0,
20071127,261,222.0,112.0,124.0,114.0,220.0,,,,,,,,
20071128,56,121.0,187.0,192.0,225.0,241.0,240.0,224.0,265.0,255.0,256.0,251.0,166.0,
20071129,124,242.0,283.0,260.0,261.0,239.0,186.0,248.0,245.0,241.0,268.0,269.0,177.0,
20071130,62,91.0,70.0,114.0,73.0,172.0,,,,,,,,
20071203,0,104.0,92.0,114.0,198.0,116.0,123.0,24.0,116.0,92.0,110.0,116.0,120.0,
20071204,103,24.0,106.0,117.0,116.0,132.0,159.0,138.0,143.0,122.0,120.0,88.0,106.0,
20071205,83,116.0,120.0,176.0,156.0,184.0,112.0,116.0,212.0,72.0,91.0,130.0,90.0,
20071206,170,147.0,120.0,129.0,184.0,172.0,115.0,131.0,141.0,117.0,160.0,146.0,157.0,
20071207,28,105.0,52.0,157.0,155.0,202.0,115.0,136.0,131.0,109.0,195.0,,,
20071210,3,92.0,185.0,164.0,200.0,211.0,200.0,224.0,259.0,164.0,156.0,121.0,122.0,164.0
20071211,109,93.0,100.0,133.0,143.0,198.0,167.0,194.0,40.0,128.0,,,,
20071212,127,52.0,48.0,95.0,73.0,48.0,57.0,114.0,207.0,,,,,
20071213,112,112.0,112.0,114.0,84.0,146.0,,,,,,,,
20071214,112,112.0,113.0,112.0,112.0,112.0,112.0,112.0,112.0,112.0,112.0,112.0,133.0,
20071217,112,112.0,112.0,112.0,112.0,107.0,112.0,110.0,112.0,112.0,112.0,112.0,156.0,
20071218,153,112.0,112.0,112.0,112.0,112.0,112.0,112.0,112.0,112.0,112.0,108.0,108.0,100.0
20071219,0,104.0,112.0,104.0,108.0,112.0,108.0,108.0,104.0,104.0,112.0,108.0,108.0,105.0
20071220,108,108.0,104.0,112.0,112.0,108.0,103.0,104.0,104.0,104.0,104.0,104.0,129.0,
20071221,88,212.0,174.0,175.0,168.0,179.0,191.0,179.0,168.0,94.0,174.0,145.0,187.0,
20071224,230,143.0,88.0,175.0,8.0,183.0,171.0,162.0,,,,,,
20071226,84,176.0,177.0,82.0,199.0,186.0,111.0,166.0,72.0,80.0,141.0,139.0,206.0,
20071227,28,104.0,155.0,110.0,179.0,48.0,93.0,96.0,48.0,88.0,80.0,76.0,186.0,
20071228,149,97.0,124.0,48.0,48.0,80.0,82.0,72.0,104.0,105.0,80.0,172.0,,
20071231,48,60.0,48.0,80.0,4.0,82.0,32.0,52.0,32.0,24.0,16.0,188.0,,
